protocol,link_layer,link_layer_mode,blocksize,network_setup,data_format,dns_format,vector_type,run,test_size,classifier,classifier_args,length,max_length,true_dns,false_dns,false_data,true_data,accuracy,precision,recall,f1_score
oscore-base,eth,,1024,d2,json,dns_cbor,binvec,1,0.2,dt,,8,8840,10013,0,10150,0,0.49660268809204977,0.49660268809204977,1.0,0.6636399787910923
oscore-base,eth,,1024,d2,json,dns_cbor,binvec,1,0.2,dt,,16,8840,0,10136,0,10027,0.4972970292119228,nan,0.0,0.0
oscore-base,eth,,1024,d2,json,dns_cbor,binvec,1,0.2,dt,,24,8840,0,10100,0,10063,0.49908247780588205,nan,0.0,0.0
oscore-base,eth,,1024,d2,json,dns_cbor,binvec,1,0.2,dt,,32,8840,10049,0,10114,0,0.498388136686009,0.498388136686009,1.0,0.6652323580034424
oscore-base,eth,,1024,d2,json,dns_cbor,binvec,1,0.2,dt,,40,8840,10021,73,7201,2868,0.6392401924316818,0.5818720241551504,0.9927679809787993,0.7337091814321277
oscore-base,eth,,1024,d2,json,dns_cbor,binvec,1,0.2,dt,,48,8840,8469,1579,2806,7309,0.7825224420969101,0.751130820399113,0.8428542993630573,0.7943535149838203
oscore-base,eth,,1024,d2,json,dns_cbor,binvec,1,0.2,dt,,56,8840,8461,1587,2778,7337,0.7835143579824431,0.7528249844292196,0.8420581210191083,0.7949452717621083
oscore-base,eth,,1024,d2,json,dns_cbor,binvec,1,0.2,dt,,64,8840,8499,1608,2784,7272,0.7821752715369736,0.7532571124700878,0.8409023449094687,0.7946704067321179
oscore-base,eth,,1024,d2,json,dns_cbor,binvec,1,0.2,dt,,72,8840,8434,1544,2853,7332,0.7819272925655905,0.7472313280765482,0.8452595710563239,0.7932283094286386
oscore-base,eth,,1024,d2,json,dns_cbor,binvec,1,0.2,dt,,80,8840,8470,1645,2736,7312,0.7827208252740168,0.7558450829912546,0.8373702422145328,0.7945218329346654
oscore-base,eth,,1024,d2,json,dns_cbor,binvec,1,0.2,dt,,88,8840,8408,1616,2759,7380,0.7830184000396766,0.7529327482761708,0.8387869114126097,0.7935444292388278
oscore-base,eth,,1024,d2,json,dns_cbor,binvec,1,0.2,dt,,96,8840,8504,1539,2750,7370,0.7872836383474682,0.7556424382441799,0.8467589365727373,0.7986101328825657
oscore-base,eth,,1024,d2,json,dns_cbor,binvec,1,0.2,dt,,104,8840,8527,1536,2830,7270,0.7834647621881664,0.7508144756537818,0.8473616217827685,0.7961718020541549
oscore-base,eth,,1024,d2,json,dns_cbor,binvec,1,0.2,dt,,112,8840,8531,1585,2694,7353,0.7877795962902346,0.76,0.8433175168050613,0.7994939318682348
oscore-base,eth,,1024,d2,json,dns_cbor,binvec,1,0.2,dt,,120,8840,8498,1564,2804,7297,0.7833655705996132,0.7519023181737745,0.8445637050288213,0.7955439056356488
oscore-base,eth,,1024,d2,json,dns_cbor,binvec,1,0.2,dt,,128,8840,8530,1695,2735,7203,0.7802906313544612,0.7572126054150022,0.8342298288508557,0.7938576081898557
oscore-base,eth,,1024,d2,json,dns_cbor,binvec,1,0.2,dt,,136,8840,8521,1551,2741,7350,0.7871348509646382,0.7566151660451075,0.8460087370929309,0.798818786912909
oscore-base,eth,,1024,d2,json,dns_cbor,binvec,1,0.2,dt,,144,8840,8435,1533,2878,7317,0.7812329514457174,0.7456024043136215,0.8462078651685393,0.7927259057375123
oscore-base,eth,,1024,d2,json,dns_cbor,binvec,1,0.2,dt,,152,8840,8436,1606,2763,7358,0.7833159748053365,0.7532815429949102,0.840071698864768,0.7943128854573702
oscore-base,eth,,1024,d2,json,dns_cbor,binvec,1,0.2,dt,,160,8840,8492,1559,2797,7315,0.7839607201309329,0.7522366905837541,0.8448910556163566,0.7958762886597938
oscore-base,eth,,1024,d2,json,dns_cbor,binvec,1,0.2,dt,,168,8840,8471,1555,2882,7255,0.7799434607945246,0.7461463930238703,0.8449032515459804,0.7924598905467982
oscore-base,eth,,1024,d2,json,dns_cbor,binvec,1,0.2,dt,,176,8840,8544,1620,2711,7288,0.785200614987849,0.7591292758773879,0.8406139315230224,0.7977963490359027
oscore-base,eth,,1024,d2,json,dns_cbor,binvec,1,0.2,dt,,184,8840,8568,1582,2726,7287,0.7863413182562119,0.758632902426067,0.8441379310344828,0.7991046446558477
oscore-base,eth,,1024,d2,json,dns_cbor,binvec,1,0.2,dt,,192,8840,9715,344,1142,8962,0.926300649704905,0.8948144054527033,0.9658017695595984,0.9289539108816217
oscore-base,eth,,1024,d2,json,dns_cbor,binvec,1,0.2,dt,,200,8840,9625,321,1205,9012,0.9243168179338392,0.8887349953831948,0.9677257188819626,0.9265498652291105
oscore-base,eth,,1024,d2,json,dns_cbor,binvec,1,0.2,dt,,208,8840,9836,287,1193,8847,0.926598224470565,0.8918306283434582,0.97164872073496,0.9300302571860817
oscore-base,eth,,1024,d2,json,dns_cbor,binvec,1,0.2,dt,,216,8840,9746,373,1119,8925,0.9260030749392452,0.8970087436723424,0.9631386500642356,0.928898208158597
oscore-base,eth,,1024,d2,json,dns_cbor,binvec,1,0.2,dt,,224,8840,9800,295,1185,8883,0.926598224470565,0.8921256258534365,0.9707776126795443,0.9297912713472486
oscore-base,eth,,1024,d2,json,dns_cbor,binvec,1,0.2,dt,,232,8840,9679,287,1206,8991,0.9259534791449685,0.8892053284336242,0.9712020870961269,0.9283967195817946
oscore-base,eth,,1024,d2,json,dns_cbor,binvec,1,0.2,dt,,240,8840,9757,315,1181,8910,0.9258046917621385,0.8920277930151764,0.9687251787132645,0.9287958115183246
oscore-base,eth,,1024,d2,json,dns_cbor,binvec,1,0.2,dt,,248,8840,9877,297,1131,8858,0.9291772057729505,0.8972565406976745,0.9708079418124631,0.9325842696629213
oscore-base,eth,,1024,d2,json,dns_cbor,binvec,1,0.2,dt,,256,8840,9883,305,1138,8837,0.9284332688588007,0.8967425823428001,0.9700628190027484,0.93196284596162
oscore-base,eth,,1024,d2,json,dns_cbor,binvec,1,0.2,dt,,264,8840,9868,319,1192,8784,0.9250607548479889,0.8922242314647378,0.9686855796603514,0.9288840777521532
oscore-base,eth,,1024,d2,json,dns_cbor,binvec,1,0.2,dt,,272,8840,9831,308,1155,8869,0.9274413529732679,0.8948661933369744,0.9696222507150607,0.9307455621301776
oscore-base,eth,,1024,d2,json,dns_cbor,binvec,1,0.2,dt,,280,8840,9742,308,1199,8914,0.9252591380250955,0.890412210949639,0.9693532338308458,0.9282073269496451
oscore-base,eth,,1024,d2,json,dns_cbor,binvec,1,0.2,dt,,288,8840,9767,319,1215,8862,0.9239200515796261,0.8893644144964488,0.9683720007931786,0.9271881526485666
oscore-base,eth,,1024,d2,json,dns_cbor,binvec,1,0.2,dt,,296,8840,9857,293,1175,8838,0.9271933740018846,0.8934916606236403,0.9711330049261083,0.9306958738551601
oscore-base,eth,,1024,d2,json,dns_cbor,binvec,1,0.2,dt,,304,8840,9683,340,1190,8950,0.9241184347567326,0.8905545847512186,0.9660780205527287,0.9267802450229708
oscore-base,eth,,1024,d2,json,dns_cbor,binvec,1,0.2,dt,,312,8840,9740,304,1243,8876,0.9232753062540296,0.8868250933260493,0.9697331740342493,0.9264279259999049
oscore-base,eth,,1024,d2,json,dns_cbor,binvec,1,0.2,dt,,320,8840,10076,0,0,10087,1.0,1.0,1.0,1.0
oscore-base,eth,,1024,d2,json,dns_cbor,binvec,1,0.2,dt,,328,8840,10087,0,0,10076,1.0,1.0,1.0,1.0
oscore-base,eth,,1024,d2,json,dns_cbor,binvec,1,0.2,dt,,336,8840,10196,0,0,9967,1.0,1.0,1.0,1.0
oscore-base,eth,,1024,d2,json,dns_cbor,binvec,1,0.2,dt,,344,8840,10024,0,0,10139,1.0,1.0,1.0,1.0
oscore-base,eth,,1024,d2,json,dns_cbor,binvec,1,0.2,dt,,352,8840,10065,0,0,10098,1.0,1.0,1.0,1.0
oscore-base,eth,,1024,d2,json,dns_cbor,binvec,1,0.2,dt,,360,8840,10009,0,0,10154,1.0,1.0,1.0,1.0
oscore-base,eth,,1024,d2,json,dns_cbor,binvec,1,0.2,dt,,368,8840,10132,0,0,10031,1.0,1.0,1.0,1.0
oscore-base,eth,,1024,d2,json,dns_cbor,binvec,1,0.2,dt,,376,8840,10048,0,0,10115,1.0,1.0,1.0,1.0
oscore-base,eth,,1024,d2,json,dns_cbor,binvec,1,0.2,dt,,384,8840,10097,0,0,10066,1.0,1.0,1.0,1.0
oscore-base,eth,,1024,d2,json,dns_cbor,binvec,1,0.2,dt,,392,8840,10086,0,0,10077,1.0,1.0,1.0,1.0
oscore-base,eth,,1024,d2,json,dns_cbor,binvec,1,0.2,dt,,400,8840,10057,0,0,10106,1.0,1.0,1.0,1.0
oscore-base,eth,,1024,d2,json,dns_cbor,binvec,1,0.2,dt,,408,8840,10086,0,0,10077,1.0,1.0,1.0,1.0
oscore-base,eth,,1024,d2,json,dns_cbor,binvec,1,0.2,dt,,416,8840,10040,0,0,10123,1.0,1.0,1.0,1.0
oscore-base,eth,,1024,d2,json,dns_cbor,binvec,1,0.2,dt,,424,8840,10083,0,0,10080,1.0,1.0,1.0,1.0
oscore-base,eth,,1024,d2,json,dns_cbor,binvec,1,0.2,dt,,432,8840,10187,0,0,9976,1.0,1.0,1.0,1.0
oscore-base,eth,,1024,d2,json,dns_cbor,binvec,1,0.2,dt,,440,8840,10077,0,0,10086,1.0,1.0,1.0,1.0
oscore-base,eth,,1024,d2,json,dns_cbor,binvec,1,0.2,dt,,448,8840,10107,0,0,10056,1.0,1.0,1.0,1.0
oscore-base,eth,,1024,d2,json,dns_cbor,binvec,1,0.2,dt,,456,8840,10071,0,0,10092,1.0,1.0,1.0,1.0
oscore-base,eth,,1024,d2,json,dns_cbor,binvec,1,0.2,dt,,464,8840,10163,0,0,10000,1.0,1.0,1.0,1.0
oscore-base,eth,,1024,d2,json,dns_cbor,binvec,1,0.2,dt,,472,8840,10111,0,0,10052,1.0,1.0,1.0,1.0
oscore-base,eth,,1024,d2,json,dns_cbor,binvec,1,0.2,dt,,480,8840,10189,0,0,9974,1.0,1.0,1.0,1.0
oscore-base,eth,,1024,d2,json,dns_cbor,binvec,1,0.2,dt,,488,8840,10087,0,0,10076,1.0,1.0,1.0,1.0
oscore-base,eth,,1024,d2,json,dns_cbor,binvec,1,0.2,dt,,496,8840,10172,0,0,9991,1.0,1.0,1.0,1.0
oscore-base,eth,,1024,d2,json,dns_cbor,binvec,1,0.2,dt,,504,8840,10151,0,0,10012,1.0,1.0,1.0,1.0
oscore-base,eth,,1024,d2,json,dns_cbor,binvec,1,0.2,dt,,512,8840,10163,0,0,10000,1.0,1.0,1.0,1.0
oscore-base,eth,,1024,d2,json,dns_cbor,binvec,1,0.2,dt,,520,8840,9967,0,0,10196,1.0,1.0,1.0,1.0
oscore-base,eth,,1024,d2,json,dns_cbor,binvec,1,0.2,dt,,528,8840,10046,0,0,10117,1.0,1.0,1.0,1.0
oscore-base,eth,,1024,d2,json,dns_cbor,binvec,1,0.2,dt,,536,8840,10084,0,0,10079,1.0,1.0,1.0,1.0
oscore-base,eth,,1024,d2,json,dns_cbor,binvec,1,0.2,dt,,544,8840,10110,0,0,10053,1.0,1.0,1.0,1.0
oscore-base,eth,,1024,d2,json,dns_cbor,binvec,1,0.2,dt,,552,8840,9998,0,0,10165,1.0,1.0,1.0,1.0
oscore-base,eth,,1024,d2,json,dns_cbor,binvec,1,0.2,dt,,560,8840,10064,0,0,10099,1.0,1.0,1.0,1.0
oscore-base,eth,,1024,d2,json,dns_cbor,binvec,1,0.2,dt,,568,8840,10022,0,0,10141,1.0,1.0,1.0,1.0
oscore-base,eth,,1024,d2,json,dns_cbor,binvec,1,0.2,dt,,576,8840,10059,0,0,10104,1.0,1.0,1.0,1.0
oscore-base,eth,,1024,d2,json,dns_cbor,binvec,1,0.2,dt,,584,8840,10107,0,0,10056,1.0,1.0,1.0,1.0
oscore-base,eth,,1024,d2,json,dns_cbor,binvec,1,0.2,dt,,592,8840,10099,0,0,10064,1.0,1.0,1.0,1.0
oscore-base,eth,,1024,d2,json,dns_cbor,binvec,1,0.2,dt,,600,8840,10147,0,0,10016,1.0,1.0,1.0,1.0
oscore-base,eth,,1024,d2,json,dns_cbor,binvec,1,0.2,dt,,608,8840,10112,0,0,10051,1.0,1.0,1.0,1.0
oscore-base,eth,,1024,d2,json,dns_cbor,binvec,1,0.2,dt,,616,8840,10143,0,0,10020,1.0,1.0,1.0,1.0
oscore-base,eth,,1024,d2,json,dns_cbor,binvec,1,0.2,dt,,624,8840,10073,0,0,10090,1.0,1.0,1.0,1.0
oscore-base,eth,,1024,d2,json,dns_cbor,binvec,1,0.2,dt,,632,8840,10055,0,0,10108,1.0,1.0,1.0,1.0
oscore-base,eth,,1024,d2,json,dns_cbor,binvec,1,0.2,dt,,640,8840,10101,0,0,10062,1.0,1.0,1.0,1.0
oscore-base,eth,,1024,d2,json,dns_cbor,binvec,1,0.2,dt,,648,8840,10036,0,0,10127,1.0,1.0,1.0,1.0
oscore-base,eth,,1024,d2,json,dns_cbor,binvec,1,0.2,dt,,656,8840,10104,0,0,10059,1.0,1.0,1.0,1.0
oscore-base,eth,,1024,d2,json,dns_cbor,binvec,1,0.2,dt,,664,8840,10104,0,0,10059,1.0,1.0,1.0,1.0
oscore-base,eth,,1024,d2,json,dns_cbor,binvec,1,0.2,dt,,672,8840,10118,0,0,10045,1.0,1.0,1.0,1.0
oscore-base,eth,,1024,d2,json,dns_cbor,binvec,1,0.2,dt,,680,8840,10276,0,0,9887,1.0,1.0,1.0,1.0
oscore-base,eth,,1024,d2,json,dns_cbor,binvec,1,0.2,dt,,688,8840,10080,0,0,10083,1.0,1.0,1.0,1.0
oscore-base,eth,,1024,d2,json,dns_cbor,binvec,1,0.2,dt,,696,8840,10025,0,0,10138,1.0,1.0,1.0,1.0
oscore-base,eth,,1024,d2,json,dns_cbor,binvec,1,0.2,dt,,704,8840,10101,0,0,10062,1.0,1.0,1.0,1.0
oscore-base,eth,,1024,d2,json,dns_cbor,binvec,1,0.2,dt,,712,8840,10249,0,0,9914,1.0,1.0,1.0,1.0
oscore-base,eth,,1024,d2,json,dns_cbor,binvec,1,0.2,dt,,720,8840,10097,0,0,10066,1.0,1.0,1.0,1.0
oscore-base,eth,,1024,d2,json,dns_cbor,binvec,1,0.2,dt,,728,8840,9980,0,0,10183,1.0,1.0,1.0,1.0
oscore-base,eth,,1024,d2,json,dns_cbor,binvec,1,0.2,dt,,736,8840,10041,0,0,10122,1.0,1.0,1.0,1.0
oscore-base,eth,,1024,d2,json,dns_cbor,binvec,1,0.2,dt,,744,8840,10056,0,0,10107,1.0,1.0,1.0,1.0
oscore-base,eth,,1024,d2,json,dns_cbor,binvec,1,0.2,dt,,752,8840,9965,0,0,10198,1.0,1.0,1.0,1.0
oscore-base,eth,,1024,d2,json,dns_cbor,binvec,1,0.2,dt,,760,8840,10141,0,0,10022,1.0,1.0,1.0,1.0
oscore-base,eth,,1024,d2,json,dns_cbor,binvec,1,0.2,dt,,768,8840,10066,0,0,10097,1.0,1.0,1.0,1.0
oscore-base,eth,,1024,d2,json,dns_cbor,binvec,1,0.2,dt,,776,8840,10097,0,0,10066,1.0,1.0,1.0,1.0
oscore-base,eth,,1024,d2,json,dns_cbor,binvec,1,0.2,dt,,784,8840,10121,0,0,10042,1.0,1.0,1.0,1.0
oscore-base,eth,,1024,d2,json,dns_cbor,binvec,1,0.2,dt,,792,8840,9990,0,0,10173,1.0,1.0,1.0,1.0
oscore-base,eth,,1024,d2,json,dns_cbor,binvec,1,0.2,dt,,800,8840,9962,0,0,10201,1.0,1.0,1.0,1.0
oscore-base,eth,,1024,d2,json,dns_cbor,binvec,1,0.2,dt,,808,8840,10050,0,0,10113,1.0,1.0,1.0,1.0
oscore-base,eth,,1024,d2,json,dns_cbor,binvec,1,0.2,dt,,816,8840,10103,0,0,10060,1.0,1.0,1.0,1.0
oscore-base,eth,,1024,d2,json,dns_cbor,binvec,1,0.2,dt,,824,8840,10128,0,0,10035,1.0,1.0,1.0,1.0
oscore-base,eth,,1024,d2,json,dns_cbor,binvec,1,0.2,dt,,832,8840,10040,0,0,10123,1.0,1.0,1.0,1.0
oscore-base,eth,,1024,d2,json,dns_cbor,binvec,1,0.2,dt,,840,8840,10117,0,0,10046,1.0,1.0,1.0,1.0
oscore-base,eth,,1024,d2,json,dns_cbor,binvec,1,0.2,dt,,848,8840,10018,0,0,10145,1.0,1.0,1.0,1.0
oscore-base,eth,,1024,d2,json,dns_cbor,binvec,1,0.2,dt,,856,8840,10062,0,0,10101,1.0,1.0,1.0,1.0
oscore-base,eth,,1024,d2,json,dns_cbor,binvec,1,0.2,dt,,864,8840,9990,0,0,10173,1.0,1.0,1.0,1.0
oscore-base,eth,,1024,d2,json,dns_cbor,binvec,1,0.2,dt,,872,8840,10137,0,0,10026,1.0,1.0,1.0,1.0
oscore-base,eth,,1024,d2,json,dns_cbor,binvec,1,0.2,dt,,880,8840,10024,0,0,10139,1.0,1.0,1.0,1.0
oscore-base,eth,,1024,d2,json,dns_cbor,binvec,1,0.2,dt,,888,8840,10114,0,0,10049,1.0,1.0,1.0,1.0
oscore-base,eth,,1024,d2,json,dns_cbor,binvec,1,0.2,dt,,896,8840,10093,0,0,10070,1.0,1.0,1.0,1.0
oscore-base,eth,,1024,d2,json,dns_cbor,binvec,1,0.2,dt,,904,8840,10125,0,0,10038,1.0,1.0,1.0,1.0
oscore-base,eth,,1024,d2,json,dns_cbor,binvec,1,0.2,dt,,912,8840,10099,0,0,10064,1.0,1.0,1.0,1.0
oscore-base,eth,,1024,d2,json,dns_cbor,binvec,1,0.2,dt,,920,8840,10173,0,0,9990,1.0,1.0,1.0,1.0
oscore-base,eth,,1024,d2,json,dns_cbor,binvec,1,0.2,dt,,928,8840,10063,0,0,10100,1.0,1.0,1.0,1.0
oscore-base,eth,,1024,d2,json,dns_cbor,binvec,1,0.2,dt,,936,8840,10074,0,0,10089,1.0,1.0,1.0,1.0
oscore-base,eth,,1024,d2,json,dns_cbor,binvec,1,0.2,dt,,944,8840,10103,0,0,10060,1.0,1.0,1.0,1.0
oscore-base,eth,,1024,d2,json,dns_cbor,binvec,1,0.2,dt,,952,8840,10054,0,0,10109,1.0,1.0,1.0,1.0
oscore-base,eth,,1024,d2,json,dns_cbor,binvec,1,0.2,dt,,960,8840,10176,0,0,9987,1.0,1.0,1.0,1.0
oscore-base,eth,,1024,d2,json,dns_cbor,binvec,1,0.2,dt,,968,8840,10015,0,0,10148,1.0,1.0,1.0,1.0
oscore-base,eth,,1024,d2,json,dns_cbor,binvec,1,0.2,dt,,976,8840,10000,0,0,10163,1.0,1.0,1.0,1.0
oscore-base,eth,,1024,d2,json,dns_cbor,binvec,1,0.2,dt,,984,8840,10028,0,0,10135,1.0,1.0,1.0,1.0
oscore-base,eth,,1024,d2,json,dns_cbor,binvec,1,0.2,dt,,992,8840,10029,0,0,10134,1.0,1.0,1.0,1.0
oscore-base,eth,,1024,d2,json,dns_cbor,binvec,1,0.2,dt,,1000,8840,10014,0,0,10149,1.0,1.0,1.0,1.0
oscore-base,eth,,1024,d2,json,dns_cbor,binvec,1,0.2,dt,,1008,8840,10082,0,0,10081,1.0,1.0,1.0,1.0
oscore-base,eth,,1024,d2,json,dns_cbor,binvec,1,0.2,dt,,1016,8840,10055,0,0,10108,1.0,1.0,1.0,1.0
oscore-base,eth,,1024,d2,json,dns_cbor,binvec,1,0.2,dt,,1024,8840,10097,0,0,10066,1.0,1.0,1.0,1.0
oscore-base,eth,,1024,d2,json,dns_cbor,binvec,1,0.2,dt,,1032,8840,10017,0,0,10146,1.0,1.0,1.0,1.0
oscore-base,eth,,1024,d2,json,dns_cbor,binvec,1,0.2,dt,,1040,8840,9936,0,0,10227,1.0,1.0,1.0,1.0
oscore-base,eth,,1024,d2,json,dns_cbor,binvec,1,0.2,dt,,1048,8840,9998,0,0,10165,1.0,1.0,1.0,1.0
oscore-base,eth,,1024,d2,json,dns_cbor,binvec,1,0.2,dt,,1056,8840,10139,0,0,10024,1.0,1.0,1.0,1.0
oscore-base,eth,,1024,d2,json,dns_cbor,binvec,1,0.2,dt,,1064,8840,10009,0,0,10154,1.0,1.0,1.0,1.0
oscore-base,eth,,1024,d2,json,dns_cbor,binvec,1,0.2,dt,,1072,8840,10092,0,0,10071,1.0,1.0,1.0,1.0
oscore-base,eth,,1024,d2,json,dns_cbor,binvec,1,0.2,dt,,1080,8840,10114,0,0,10049,1.0,1.0,1.0,1.0
oscore-base,eth,,1024,d2,json,dns_cbor,binvec,1,0.2,dt,,1088,8840,10141,0,0,10022,1.0,1.0,1.0,1.0
oscore-base,eth,,1024,d2,json,dns_cbor,binvec,1,0.2,dt,,1096,8840,10111,0,0,10052,1.0,1.0,1.0,1.0
oscore-base,eth,,1024,d2,json,dns_cbor,binvec,1,0.2,dt,,1104,8840,10133,0,0,10030,1.0,1.0,1.0,1.0
oscore-base,eth,,1024,d2,json,dns_cbor,binvec,1,0.2,dt,,1112,8840,10031,0,0,10132,1.0,1.0,1.0,1.0
oscore-base,eth,,1024,d2,json,dns_cbor,binvec,1,0.2,dt,,1120,8840,10027,0,0,10136,1.0,1.0,1.0,1.0
oscore-base,eth,,1024,d2,json,dns_cbor,binvec,1,0.2,dt,,1128,8840,10069,0,0,10094,1.0,1.0,1.0,1.0
oscore-base,eth,,1024,d2,json,dns_cbor,binvec,1,0.2,dt,,1136,8840,10117,0,0,10046,1.0,1.0,1.0,1.0
oscore-base,eth,,1024,d2,json,dns_cbor,binvec,1,0.2,dt,,1144,8840,10119,0,0,10044,1.0,1.0,1.0,1.0
oscore-base,eth,,1024,d2,json,dns_cbor,binvec,1,0.2,dt,,1152,8840,10082,0,0,10081,1.0,1.0,1.0,1.0
oscore-base,eth,,1024,d2,json,dns_cbor,binvec,1,0.2,dt,,1160,8840,10101,0,0,10062,1.0,1.0,1.0,1.0
oscore-base,eth,,1024,d2,json,dns_cbor,binvec,1,0.2,dt,,1168,8840,10021,0,0,10142,1.0,1.0,1.0,1.0
oscore-base,eth,,1024,d2,json,dns_cbor,binvec,1,0.2,dt,,1176,8840,10070,0,0,10093,1.0,1.0,1.0,1.0
oscore-base,eth,,1024,d2,json,dns_cbor,binvec,1,0.2,dt,,1184,8840,10027,0,0,10136,1.0,1.0,1.0,1.0
oscore-base,eth,,1024,d2,json,dns_cbor,binvec,1,0.2,dt,,1192,8840,10088,0,0,10075,1.0,1.0,1.0,1.0
oscore-base,eth,,1024,d2,json,dns_cbor,binvec,1,0.2,dt,,1200,8840,10189,0,0,9974,1.0,1.0,1.0,1.0
oscore-base,eth,,1024,d2,json,dns_cbor,binvec,1,0.2,dt,,1208,8840,10109,0,0,10054,1.0,1.0,1.0,1.0
oscore-base,eth,,1024,d2,json,dns_cbor,binvec,1,0.2,dt,,1216,8840,10003,0,0,10160,1.0,1.0,1.0,1.0
oscore-base,eth,,1024,d2,json,dns_cbor,binvec,1,0.2,dt,,1224,8840,10026,0,0,10137,1.0,1.0,1.0,1.0
oscore-base,eth,,1024,d2,json,dns_cbor,binvec,1,0.2,dt,,1232,8840,10031,0,0,10132,1.0,1.0,1.0,1.0
oscore-base,eth,,1024,d2,json,dns_cbor,binvec,1,0.2,dt,,1240,8840,10096,0,0,10067,1.0,1.0,1.0,1.0
oscore-base,eth,,1024,d2,json,dns_cbor,binvec,1,0.2,dt,,1248,8840,10027,0,0,10136,1.0,1.0,1.0,1.0
oscore-base,eth,,1024,d2,json,dns_cbor,binvec,1,0.2,dt,,1256,8840,9937,0,0,10226,1.0,1.0,1.0,1.0
oscore-base,eth,,1024,d2,json,dns_cbor,binvec,1,0.2,dt,,1264,8840,10171,0,0,9992,1.0,1.0,1.0,1.0
oscore-base,eth,,1024,d2,json,dns_cbor,binvec,1,0.2,dt,,1272,8840,10044,0,0,10119,1.0,1.0,1.0,1.0
oscore-base,eth,,1024,d2,json,dns_cbor,binvec,1,0.2,dt,,1280,8840,10078,0,0,10085,1.0,1.0,1.0,1.0
oscore-base,eth,,1024,d2,json,dns_cbor,binvec,1,0.2,dt,,1288,8840,10143,0,0,10020,1.0,1.0,1.0,1.0
oscore-base,eth,,1024,d2,json,dns_cbor,binvec,1,0.2,dt,,1296,8840,10175,0,0,9988,1.0,1.0,1.0,1.0
oscore-base,eth,,1024,d2,json,dns_cbor,binvec,1,0.2,dt,,1304,8840,10152,0,0,10011,1.0,1.0,1.0,1.0
oscore-base,eth,,1024,d2,json,dns_cbor,binvec,1,0.2,dt,,1312,8840,10031,0,0,10132,1.0,1.0,1.0,1.0
oscore-base,eth,,1024,d2,json,dns_cbor,binvec,1,0.2,dt,,1320,8840,10133,0,0,10030,1.0,1.0,1.0,1.0
oscore-base,eth,,1024,d2,json,dns_cbor,binvec,1,0.2,dt,,1328,8840,10089,0,0,10074,1.0,1.0,1.0,1.0
oscore-base,eth,,1024,d2,json,dns_cbor,binvec,1,0.2,dt,,1336,8840,10169,0,0,9994,1.0,1.0,1.0,1.0
oscore-base,eth,,1024,d2,json,dns_cbor,binvec,1,0.2,dt,,1344,8840,10059,0,0,10104,1.0,1.0,1.0,1.0
oscore-base,eth,,1024,d2,json,dns_cbor,binvec,1,0.2,dt,,1352,8840,10045,0,0,10118,1.0,1.0,1.0,1.0
oscore-base,eth,,1024,d2,json,dns_cbor,binvec,1,0.2,dt,,1360,8840,10067,0,0,10096,1.0,1.0,1.0,1.0
oscore-base,eth,,1024,d2,json,dns_cbor,binvec,1,0.2,dt,,1368,8840,9951,0,0,10212,1.0,1.0,1.0,1.0
oscore-base,eth,,1024,d2,json,dns_cbor,binvec,1,0.2,dt,,1376,8840,10107,0,0,10056,1.0,1.0,1.0,1.0
oscore-base,eth,,1024,d2,json,dns_cbor,binvec,1,0.2,dt,,1384,8840,10207,0,0,9956,1.0,1.0,1.0,1.0
oscore-base,eth,,1024,d2,json,dns_cbor,binvec,1,0.2,dt,,1392,8840,10024,0,0,10139,1.0,1.0,1.0,1.0
oscore-base,eth,,1024,d2,json,dns_cbor,binvec,1,0.2,dt,,1400,8840,10086,0,0,10077,1.0,1.0,1.0,1.0
oscore-base,eth,,1024,d2,json,dns_cbor,binvec,1,0.2,dt,,1408,8840,10094,0,0,10069,1.0,1.0,1.0,1.0
oscore-base,eth,,1024,d2,json,dns_cbor,binvec,1,0.2,dt,,1416,8840,10025,0,0,10138,1.0,1.0,1.0,1.0
oscore-base,eth,,1024,d2,json,dns_cbor,binvec,1,0.2,dt,,1424,8840,10078,0,0,10085,1.0,1.0,1.0,1.0
oscore-base,eth,,1024,d2,json,dns_cbor,binvec,1,0.2,dt,,1432,8840,9961,0,0,10202,1.0,1.0,1.0,1.0
oscore-base,eth,,1024,d2,json,dns_cbor,binvec,1,0.2,dt,,1440,8840,10114,0,0,10049,1.0,1.0,1.0,1.0
oscore-base,eth,,1024,d2,json,dns_cbor,binvec,1,0.2,dt,,1448,8840,10003,0,0,10160,1.0,1.0,1.0,1.0
oscore-base,eth,,1024,d2,json,dns_cbor,binvec,1,0.2,dt,,1456,8840,10148,0,0,10015,1.0,1.0,1.0,1.0
oscore-base,eth,,1024,d2,json,dns_cbor,binvec,1,0.2,dt,,1464,8840,10072,0,0,10091,1.0,1.0,1.0,1.0
oscore-base,eth,,1024,d2,json,dns_cbor,binvec,1,0.2,dt,,1472,8840,10081,0,0,10082,1.0,1.0,1.0,1.0
oscore-base,eth,,1024,d2,json,dns_cbor,binvec,1,0.2,dt,,1480,8840,10029,0,0,10134,1.0,1.0,1.0,1.0
oscore-base,eth,,1024,d2,json,dns_cbor,binvec,1,0.2,dt,,1488,8840,10023,0,0,10140,1.0,1.0,1.0,1.0
oscore-base,eth,,1024,d2,json,dns_cbor,binvec,1,0.2,dt,,1496,8840,10089,0,0,10074,1.0,1.0,1.0,1.0
oscore-base,eth,,1024,d2,json,dns_cbor,binvec,1,0.2,dt,,1504,8840,10057,0,0,10106,1.0,1.0,1.0,1.0
oscore-base,eth,,1024,d2,json,dns_cbor,binvec,1,0.2,dt,,1512,8840,9999,0,0,10164,1.0,1.0,1.0,1.0
oscore-base,eth,,1024,d2,json,dns_cbor,binvec,1,0.2,dt,,1520,8840,10033,0,0,10130,1.0,1.0,1.0,1.0
oscore-base,eth,,1024,d2,json,dns_cbor,binvec,1,0.2,dt,,1528,8840,10079,0,0,10084,1.0,1.0,1.0,1.0
oscore-base,eth,,1024,d2,json,dns_cbor,binvec,1,0.2,dt,,1536,8840,9945,0,0,10218,1.0,1.0,1.0,1.0
oscore-base,eth,,1024,d2,json,dns_cbor,binvec,1,0.2,dt,,1544,8840,10081,0,0,10082,1.0,1.0,1.0,1.0
oscore-base,eth,,1024,d2,json,dns_cbor,binvec,1,0.2,dt,,1552,8840,9991,0,0,10172,1.0,1.0,1.0,1.0
oscore-base,eth,,1024,d2,json,dns_cbor,binvec,1,0.2,dt,,1560,8840,10132,0,0,10031,1.0,1.0,1.0,1.0
oscore-base,eth,,1024,d2,json,dns_cbor,binvec,1,0.2,dt,,1568,8840,10050,0,0,10113,1.0,1.0,1.0,1.0
oscore-base,eth,,1024,d2,json,dns_cbor,binvec,1,0.2,dt,,1576,8840,10116,0,0,10047,1.0,1.0,1.0,1.0
oscore-base,eth,,1024,d2,json,dns_cbor,binvec,1,0.2,dt,,1584,8840,10090,0,0,10073,1.0,1.0,1.0,1.0
oscore-base,eth,,1024,d2,json,dns_cbor,binvec,1,0.2,dt,,1592,8840,9986,0,0,10177,1.0,1.0,1.0,1.0
oscore-base,eth,,1024,d2,json,dns_cbor,binvec,1,0.2,dt,,1600,8840,10111,0,0,10052,1.0,1.0,1.0,1.0
oscore-base,eth,,1024,d2,json,dns_cbor,binvec,1,0.2,dt,,1608,8840,10124,0,0,10039,1.0,1.0,1.0,1.0
oscore-base,eth,,1024,d2,json,dns_cbor,binvec,1,0.2,dt,,1616,8840,10111,0,0,10052,1.0,1.0,1.0,1.0
oscore-base,eth,,1024,d2,json,dns_cbor,binvec,1,0.2,dt,,1624,8840,10079,0,0,10084,1.0,1.0,1.0,1.0
oscore-base,eth,,1024,d2,json,dns_cbor,binvec,1,0.2,dt,,1632,8840,9993,0,0,10170,1.0,1.0,1.0,1.0
oscore-base,eth,,1024,d2,json,dns_cbor,binvec,1,0.2,dt,,1640,8840,10192,0,0,9971,1.0,1.0,1.0,1.0
oscore-base,eth,,1024,d2,json,dns_cbor,binvec,1,0.2,dt,,1648,8840,10083,0,0,10080,1.0,1.0,1.0,1.0
oscore-base,eth,,1024,d2,json,dns_cbor,binvec,1,0.2,dt,,1656,8840,10070,0,0,10093,1.0,1.0,1.0,1.0
oscore-base,eth,,1024,d2,json,dns_cbor,binvec,1,0.2,dt,,1664,8840,10080,0,0,10083,1.0,1.0,1.0,1.0
oscore-base,eth,,1024,d2,json,dns_cbor,binvec,1,0.2,dt,,1672,8840,10068,0,0,10095,1.0,1.0,1.0,1.0
oscore-base,eth,,1024,d2,json,dns_cbor,binvec,1,0.2,dt,,1680,8840,10124,0,0,10039,1.0,1.0,1.0,1.0
oscore-base,eth,,1024,d2,json,dns_cbor,binvec,1,0.2,dt,,1688,8840,9962,0,0,10201,1.0,1.0,1.0,1.0
oscore-base,eth,,1024,d2,json,dns_cbor,binvec,1,0.2,dt,,1696,8840,10093,0,0,10070,1.0,1.0,1.0,1.0
oscore-base,eth,,1024,d2,json,dns_cbor,binvec,1,0.2,dt,,1704,8840,10206,0,0,9957,1.0,1.0,1.0,1.0
oscore-base,eth,,1024,d2,json,dns_cbor,binvec,1,0.2,dt,,1712,8840,10114,0,0,10049,1.0,1.0,1.0,1.0
oscore-base,eth,,1024,d2,json,dns_cbor,binvec,1,0.2,dt,,1720,8840,10013,0,0,10150,1.0,1.0,1.0,1.0
oscore-base,eth,,1024,d2,json,dns_cbor,binvec,1,0.2,dt,,1728,8840,10003,0,0,10160,1.0,1.0,1.0,1.0
oscore-base,eth,,1024,d2,json,dns_cbor,binvec,1,0.2,dt,,1736,8840,10187,0,0,9976,1.0,1.0,1.0,1.0
oscore-base,eth,,1024,d2,json,dns_cbor,binvec,1,0.2,dt,,1744,8840,10029,0,0,10134,1.0,1.0,1.0,1.0
oscore-base,eth,,1024,d2,json,dns_cbor,binvec,1,0.2,dt,,1752,8840,10119,0,0,10044,1.0,1.0,1.0,1.0
oscore-base,eth,,1024,d2,json,dns_cbor,binvec,1,0.2,dt,,1760,8840,10124,0,0,10039,1.0,1.0,1.0,1.0
oscore-base,eth,,1024,d2,json,dns_cbor,binvec,1,0.2,dt,,1768,8840,10120,0,0,10043,1.0,1.0,1.0,1.0
oscore-base,eth,,1024,d2,json,dns_cbor,binvec,1,0.2,dt,,1776,8840,10036,0,0,10127,1.0,1.0,1.0,1.0
oscore-base,eth,,1024,d2,json,dns_cbor,binvec,1,0.2,dt,,1784,8840,10128,0,0,10035,1.0,1.0,1.0,1.0
oscore-base,eth,,1024,d2,json,dns_cbor,binvec,1,0.2,dt,,1792,8840,10007,0,0,10156,1.0,1.0,1.0,1.0
oscore-base,eth,,1024,d2,json,dns_cbor,binvec,1,0.2,dt,,1800,8840,10071,0,0,10092,1.0,1.0,1.0,1.0
oscore-base,eth,,1024,d2,json,dns_cbor,binvec,1,0.2,dt,,1808,8840,10093,0,0,10070,1.0,1.0,1.0,1.0
oscore-base,eth,,1024,d2,json,dns_cbor,binvec,1,0.2,dt,,1816,8840,10011,0,0,10152,1.0,1.0,1.0,1.0
oscore-base,eth,,1024,d2,json,dns_cbor,binvec,1,0.2,dt,,1824,8840,9943,0,0,10220,1.0,1.0,1.0,1.0
oscore-base,eth,,1024,d2,json,dns_cbor,binvec,1,0.2,dt,,1832,8840,10039,0,0,10124,1.0,1.0,1.0,1.0
oscore-base,eth,,1024,d2,json,dns_cbor,binvec,1,0.2,dt,,1840,8840,10237,0,0,9926,1.0,1.0,1.0,1.0
oscore-base,eth,,1024,d2,json,dns_cbor,binvec,1,0.2,dt,,1848,8840,10049,0,0,10114,1.0,1.0,1.0,1.0
oscore-base,eth,,1024,d2,json,dns_cbor,binvec,1,0.2,dt,,1856,8840,10087,0,0,10076,1.0,1.0,1.0,1.0
oscore-base,eth,,1024,d2,json,dns_cbor,binvec,1,0.2,dt,,1864,8840,10063,0,0,10100,1.0,1.0,1.0,1.0
oscore-base,eth,,1024,d2,json,dns_cbor,binvec,1,0.2,dt,,1872,8840,10132,0,0,10031,1.0,1.0,1.0,1.0
oscore-base,eth,,1024,d2,json,dns_cbor,binvec,1,0.2,dt,,1880,8840,10182,0,0,9981,1.0,1.0,1.0,1.0
oscore-base,eth,,1024,d2,json,dns_cbor,binvec,1,0.2,dt,,1888,8840,10145,0,0,10018,1.0,1.0,1.0,1.0
oscore-base,eth,,1024,d2,json,dns_cbor,binvec,1,0.2,dt,,1896,8840,10121,0,0,10042,1.0,1.0,1.0,1.0
oscore-base,eth,,1024,d2,json,dns_cbor,binvec,1,0.2,dt,,1904,8840,10118,0,0,10045,1.0,1.0,1.0,1.0
oscore-base,eth,,1024,d2,json,dns_cbor,binvec,1,0.2,dt,,1912,8840,10054,0,0,10109,1.0,1.0,1.0,1.0
oscore-base,eth,,1024,d2,json,dns_cbor,binvec,1,0.2,dt,,1920,8840,10143,0,0,10020,1.0,1.0,1.0,1.0
oscore-base,eth,,1024,d2,json,dns_cbor,binvec,1,0.2,dt,,1928,8840,10127,0,0,10036,1.0,1.0,1.0,1.0
oscore-base,eth,,1024,d2,json,dns_cbor,binvec,1,0.2,dt,,1936,8840,10181,0,0,9982,1.0,1.0,1.0,1.0
oscore-base,eth,,1024,d2,json,dns_cbor,binvec,1,0.2,dt,,1944,8840,10119,0,0,10044,1.0,1.0,1.0,1.0
oscore-base,eth,,1024,d2,json,dns_cbor,binvec,1,0.2,dt,,1952,8840,10137,0,0,10026,1.0,1.0,1.0,1.0
oscore-base,eth,,1024,d2,json,dns_cbor,binvec,1,0.2,dt,,1960,8840,10202,0,0,9961,1.0,1.0,1.0,1.0
oscore-base,eth,,1024,d2,json,dns_cbor,binvec,1,0.2,dt,,1968,8840,10102,0,0,10061,1.0,1.0,1.0,1.0
oscore-base,eth,,1024,d2,json,dns_cbor,binvec,1,0.2,dt,,1976,8840,10103,0,0,10060,1.0,1.0,1.0,1.0
oscore-base,eth,,1024,d2,json,dns_cbor,binvec,1,0.2,dt,,1984,8840,10040,0,0,10123,1.0,1.0,1.0,1.0
oscore-base,eth,,1024,d2,json,dns_cbor,binvec,1,0.2,dt,,1992,8840,9969,0,0,10194,1.0,1.0,1.0,1.0
oscore-base,eth,,1024,d2,json,dns_cbor,binvec,1,0.2,dt,,2000,8840,10020,0,0,10143,1.0,1.0,1.0,1.0
oscore-base,eth,,1024,d2,json,dns_cbor,binvec,1,0.2,dt,,2008,8840,10126,0,0,10037,1.0,1.0,1.0,1.0
oscore-base,eth,,1024,d2,json,dns_cbor,binvec,1,0.2,dt,,2016,8840,10065,0,0,10098,1.0,1.0,1.0,1.0
oscore-base,eth,,1024,d2,json,dns_cbor,binvec,1,0.2,dt,,2024,8840,9981,0,0,10182,1.0,1.0,1.0,1.0
oscore-base,eth,,1024,d2,json,dns_cbor,binvec,1,0.2,dt,,2032,8840,10061,0,0,10102,1.0,1.0,1.0,1.0
oscore-base,eth,,1024,d2,json,dns_cbor,binvec,1,0.2,dt,,2040,8840,9967,0,0,10196,1.0,1.0,1.0,1.0
oscore-base,eth,,1024,d2,json,dns_cbor,binvec,1,0.2,dt,,2048,8840,9931,0,0,10232,1.0,1.0,1.0,1.0
oscore-base,eth,,1024,d2,json,dns_cbor,binvec,1,0.2,dt,,2056,8840,10051,0,0,10112,1.0,1.0,1.0,1.0
oscore-base,eth,,1024,d2,json,dns_cbor,binvec,1,0.2,dt,,2064,8840,10100,0,0,10063,1.0,1.0,1.0,1.0
oscore-base,eth,,1024,d2,json,dns_cbor,binvec,1,0.2,dt,,2072,8840,10174,0,0,9989,1.0,1.0,1.0,1.0
oscore-base,eth,,1024,d2,json,dns_cbor,binvec,1,0.2,dt,,2080,8840,10183,0,0,9980,1.0,1.0,1.0,1.0
oscore-base,eth,,1024,d2,json,dns_cbor,binvec,1,0.2,dt,,2088,8840,10088,0,0,10075,1.0,1.0,1.0,1.0
oscore-base,eth,,1024,d2,json,dns_cbor,binvec,1,0.2,dt,,2096,8840,10100,0,0,10063,1.0,1.0,1.0,1.0
oscore-base,eth,,1024,d2,json,dns_cbor,binvec,1,0.2,dt,,2104,8840,10041,0,0,10122,1.0,1.0,1.0,1.0
oscore-base,eth,,1024,d2,json,dns_cbor,binvec,1,0.2,dt,,2112,8840,10233,0,0,9930,1.0,1.0,1.0,1.0
oscore-base,eth,,1024,d2,json,dns_cbor,binvec,1,0.2,dt,,2120,8840,10034,0,0,10129,1.0,1.0,1.0,1.0
oscore-base,eth,,1024,d2,json,dns_cbor,binvec,1,0.2,dt,,2128,8840,10122,0,0,10041,1.0,1.0,1.0,1.0
oscore-base,eth,,1024,d2,json,dns_cbor,binvec,1,0.2,dt,,2136,8840,10111,0,0,10052,1.0,1.0,1.0,1.0
oscore-base,eth,,1024,d2,json,dns_cbor,binvec,1,0.2,dt,,2144,8840,10136,0,0,10027,1.0,1.0,1.0,1.0
oscore-base,eth,,1024,d2,json,dns_cbor,binvec,1,0.2,dt,,2152,8840,10144,0,0,10019,1.0,1.0,1.0,1.0
oscore-base,eth,,1024,d2,json,dns_cbor,binvec,1,0.2,dt,,2160,8840,9964,0,0,10199,1.0,1.0,1.0,1.0
oscore-base,eth,,1024,d2,json,dns_cbor,binvec,1,0.2,dt,,2168,8840,10125,0,0,10038,1.0,1.0,1.0,1.0
oscore-base,eth,,1024,d2,json,dns_cbor,binvec,1,0.2,dt,,2176,8840,10060,0,0,10103,1.0,1.0,1.0,1.0
oscore-base,eth,,1024,d2,json,dns_cbor,binvec,1,0.2,dt,,2184,8840,10115,0,0,10048,1.0,1.0,1.0,1.0
oscore-base,eth,,1024,d2,json,dns_cbor,binvec,1,0.2,dt,,2192,8840,10094,0,0,10069,1.0,1.0,1.0,1.0
oscore-base,eth,,1024,d2,json,dns_cbor,binvec,1,0.2,dt,,2200,8840,10048,0,0,10115,1.0,1.0,1.0,1.0
oscore-base,eth,,1024,d2,json,dns_cbor,binvec,1,0.2,dt,,2208,8840,10119,0,0,10044,1.0,1.0,1.0,1.0
oscore-base,eth,,1024,d2,json,dns_cbor,binvec,1,0.2,dt,,2216,8840,10095,0,0,10068,1.0,1.0,1.0,1.0
oscore-base,eth,,1024,d2,json,dns_cbor,binvec,1,0.2,dt,,2224,8840,10002,0,0,10161,1.0,1.0,1.0,1.0
oscore-base,eth,,1024,d2,json,dns_cbor,binvec,1,0.2,dt,,2232,8840,10165,0,0,9998,1.0,1.0,1.0,1.0
oscore-base,eth,,1024,d2,json,dns_cbor,binvec,1,0.2,dt,,2240,8840,10037,0,0,10126,1.0,1.0,1.0,1.0
oscore-base,eth,,1024,d2,json,dns_cbor,binvec,1,0.2,dt,,2248,8840,10107,0,0,10056,1.0,1.0,1.0,1.0
oscore-base,eth,,1024,d2,json,dns_cbor,binvec,1,0.2,dt,,2256,8840,10130,0,0,10033,1.0,1.0,1.0,1.0
oscore-base,eth,,1024,d2,json,dns_cbor,binvec,1,0.2,dt,,2264,8840,10119,0,0,10044,1.0,1.0,1.0,1.0
oscore-base,eth,,1024,d2,json,dns_cbor,binvec,1,0.2,dt,,2272,8840,10046,0,0,10117,1.0,1.0,1.0,1.0
oscore-base,eth,,1024,d2,json,dns_cbor,binvec,1,0.2,dt,,2280,8840,10137,0,0,10026,1.0,1.0,1.0,1.0
oscore-base,eth,,1024,d2,json,dns_cbor,binvec,1,0.2,dt,,2288,8840,10127,0,0,10036,1.0,1.0,1.0,1.0
oscore-base,eth,,1024,d2,json,dns_cbor,binvec,1,0.2,dt,,2296,8840,10115,0,0,10048,1.0,1.0,1.0,1.0
oscore-base,eth,,1024,d2,json,dns_cbor,binvec,1,0.2,dt,,2304,8840,10174,0,0,9989,1.0,1.0,1.0,1.0
oscore-base,eth,,1024,d2,json,dns_cbor,binvec,1,0.2,dt,,2312,8840,9978,0,0,10185,1.0,1.0,1.0,1.0
oscore-base,eth,,1024,d2,json,dns_cbor,binvec,1,0.2,dt,,2320,8840,10009,0,0,10154,1.0,1.0,1.0,1.0
oscore-base,eth,,1024,d2,json,dns_cbor,binvec,1,0.2,dt,,2328,8840,10091,0,0,10072,1.0,1.0,1.0,1.0
oscore-base,eth,,1024,d2,json,dns_cbor,binvec,1,0.2,dt,,2336,8840,10132,0,0,10031,1.0,1.0,1.0,1.0
oscore-base,eth,,1024,d2,json,dns_cbor,binvec,1,0.2,dt,,2344,8840,10106,0,0,10057,1.0,1.0,1.0,1.0
oscore-base,eth,,1024,d2,json,dns_cbor,binvec,1,0.2,dt,,2352,8840,10280,0,0,9883,1.0,1.0,1.0,1.0
oscore-base,eth,,1024,d2,json,dns_cbor,binvec,1,0.2,dt,,2360,8840,10060,0,0,10103,1.0,1.0,1.0,1.0
oscore-base,eth,,1024,d2,json,dns_cbor,binvec,1,0.2,dt,,2368,8840,10026,0,0,10137,1.0,1.0,1.0,1.0
oscore-base,eth,,1024,d2,json,dns_cbor,binvec,1,0.2,dt,,2376,8840,10036,0,0,10127,1.0,1.0,1.0,1.0
oscore-base,eth,,1024,d2,json,dns_cbor,binvec,1,0.2,dt,,2384,8840,9992,0,0,10171,1.0,1.0,1.0,1.0
oscore-base,eth,,1024,d2,json,dns_cbor,binvec,1,0.2,dt,,2392,8840,9948,0,0,10215,1.0,1.0,1.0,1.0
oscore-base,eth,,1024,d2,json,dns_cbor,binvec,1,0.2,dt,,2400,8840,10135,0,0,10028,1.0,1.0,1.0,1.0
oscore-base,eth,,1024,d2,json,dns_cbor,binvec,1,0.2,dt,,2408,8840,10047,0,0,10116,1.0,1.0,1.0,1.0
oscore-base,eth,,1024,d2,json,dns_cbor,binvec,1,0.2,dt,,2416,8840,10121,0,0,10042,1.0,1.0,1.0,1.0
oscore-base,eth,,1024,d2,json,dns_cbor,binvec,1,0.2,dt,,2424,8840,10001,0,0,10162,1.0,1.0,1.0,1.0
oscore-base,eth,,1024,d2,json,dns_cbor,binvec,1,0.2,dt,,2432,8840,9986,0,0,10177,1.0,1.0,1.0,1.0
oscore-base,eth,,1024,d2,json,dns_cbor,binvec,1,0.2,dt,,2440,8840,10105,0,0,10058,1.0,1.0,1.0,1.0
oscore-base,eth,,1024,d2,json,dns_cbor,binvec,1,0.2,dt,,2448,8840,10097,0,0,10066,1.0,1.0,1.0,1.0
oscore-base,eth,,1024,d2,json,dns_cbor,binvec,1,0.2,dt,,2456,8840,10148,0,0,10015,1.0,1.0,1.0,1.0
oscore-base,eth,,1024,d2,json,dns_cbor,binvec,1,0.2,dt,,2464,8840,10037,0,0,10126,1.0,1.0,1.0,1.0
oscore-base,eth,,1024,d2,json,dns_cbor,binvec,1,0.2,dt,,2472,8840,10097,0,0,10066,1.0,1.0,1.0,1.0
oscore-base,eth,,1024,d2,json,dns_cbor,binvec,1,0.2,dt,,2480,8840,9991,0,0,10172,1.0,1.0,1.0,1.0
oscore-base,eth,,1024,d2,json,dns_cbor,binvec,1,0.2,dt,,2488,8840,10145,0,0,10018,1.0,1.0,1.0,1.0
oscore-base,eth,,1024,d2,json,dns_cbor,binvec,1,0.2,dt,,2496,8840,10152,0,0,10011,1.0,1.0,1.0,1.0
oscore-base,eth,,1024,d2,json,dns_cbor,binvec,1,0.2,dt,,2504,8840,10046,0,0,10117,1.0,1.0,1.0,1.0
oscore-base,eth,,1024,d2,json,dns_cbor,binvec,1,0.2,dt,,2512,8840,10117,0,0,10046,1.0,1.0,1.0,1.0
oscore-base,eth,,1024,d2,json,dns_cbor,binvec,1,0.2,dt,,2520,8840,10095,0,0,10068,1.0,1.0,1.0,1.0
oscore-base,eth,,1024,d2,json,dns_cbor,binvec,1,0.2,dt,,2528,8840,10269,0,0,9894,1.0,1.0,1.0,1.0
oscore-base,eth,,1024,d2,json,dns_cbor,binvec,1,0.2,dt,,2536,8840,10146,0,0,10017,1.0,1.0,1.0,1.0
oscore-base,eth,,1024,d2,json,dns_cbor,binvec,1,0.2,dt,,2544,8840,10050,0,0,10113,1.0,1.0,1.0,1.0
oscore-base,eth,,1024,d2,json,dns_cbor,binvec,1,0.2,dt,,2552,8840,10073,0,0,10090,1.0,1.0,1.0,1.0
oscore-base,eth,,1024,d2,json,dns_cbor,binvec,1,0.2,dt,,2560,8840,10109,0,0,10054,1.0,1.0,1.0,1.0
oscore-base,eth,,1024,d2,json,dns_cbor,binvec,1,0.2,dt,,2568,8840,10069,0,0,10094,1.0,1.0,1.0,1.0
oscore-base,eth,,1024,d2,json,dns_cbor,binvec,1,0.2,dt,,2576,8840,9940,0,0,10223,1.0,1.0,1.0,1.0
oscore-base,eth,,1024,d2,json,dns_cbor,binvec,1,0.2,dt,,2584,8840,10097,0,0,10066,1.0,1.0,1.0,1.0
oscore-base,eth,,1024,d2,json,dns_cbor,binvec,1,0.2,dt,,2592,8840,10171,0,0,9992,1.0,1.0,1.0,1.0
oscore-base,eth,,1024,d2,json,dns_cbor,binvec,1,0.2,dt,,2600,8840,10260,0,0,9903,1.0,1.0,1.0,1.0
oscore-base,eth,,1024,d2,json,dns_cbor,binvec,1,0.2,dt,,2608,8840,10037,0,0,10126,1.0,1.0,1.0,1.0
oscore-base,eth,,1024,d2,json,dns_cbor,binvec,1,0.2,dt,,2616,8840,10159,0,0,10004,1.0,1.0,1.0,1.0
oscore-base,eth,,1024,d2,json,dns_cbor,binvec,1,0.2,dt,,2624,8840,10032,0,0,10131,1.0,1.0,1.0,1.0
oscore-base,eth,,1024,d2,json,dns_cbor,binvec,1,0.2,dt,,2632,8840,10148,0,0,10015,1.0,1.0,1.0,1.0
oscore-base,eth,,1024,d2,json,dns_cbor,binvec,1,0.2,dt,,2640,8840,10130,0,0,10033,1.0,1.0,1.0,1.0
oscore-base,eth,,1024,d2,json,dns_cbor,binvec,1,0.2,dt,,2648,8840,10003,0,0,10160,1.0,1.0,1.0,1.0
oscore-base,eth,,1024,d2,json,dns_cbor,binvec,1,0.2,dt,,2656,8840,10118,0,0,10045,1.0,1.0,1.0,1.0
oscore-base,eth,,1024,d2,json,dns_cbor,binvec,1,0.2,dt,,2664,8840,10019,0,0,10144,1.0,1.0,1.0,1.0
oscore-base,eth,,1024,d2,json,dns_cbor,binvec,1,0.2,dt,,2672,8840,10105,0,0,10058,1.0,1.0,1.0,1.0
oscore-base,eth,,1024,d2,json,dns_cbor,binvec,1,0.2,dt,,2680,8840,10122,0,0,10041,1.0,1.0,1.0,1.0
oscore-base,eth,,1024,d2,json,dns_cbor,binvec,1,0.2,dt,,2688,8840,10157,0,0,10006,1.0,1.0,1.0,1.0
oscore-base,eth,,1024,d2,json,dns_cbor,binvec,1,0.2,dt,,2696,8840,10063,0,0,10100,1.0,1.0,1.0,1.0
oscore-base,eth,,1024,d2,json,dns_cbor,binvec,1,0.2,dt,,2704,8840,10128,0,0,10035,1.0,1.0,1.0,1.0
oscore-base,eth,,1024,d2,json,dns_cbor,binvec,1,0.2,dt,,2712,8840,10084,0,0,10079,1.0,1.0,1.0,1.0
oscore-base,eth,,1024,d2,json,dns_cbor,binvec,1,0.2,dt,,2720,8840,10139,0,0,10024,1.0,1.0,1.0,1.0
oscore-base,eth,,1024,d2,json,dns_cbor,binvec,1,0.2,dt,,2728,8840,10169,0,0,9994,1.0,1.0,1.0,1.0
oscore-base,eth,,1024,d2,json,dns_cbor,binvec,1,0.2,dt,,2736,8840,10134,0,0,10029,1.0,1.0,1.0,1.0
oscore-base,eth,,1024,d2,json,dns_cbor,binvec,1,0.2,dt,,2744,8840,10125,0,0,10038,1.0,1.0,1.0,1.0
oscore-base,eth,,1024,d2,json,dns_cbor,binvec,1,0.2,dt,,2752,8840,10062,0,0,10101,1.0,1.0,1.0,1.0
oscore-base,eth,,1024,d2,json,dns_cbor,binvec,1,0.2,dt,,2760,8840,10062,0,0,10101,1.0,1.0,1.0,1.0
oscore-base,eth,,1024,d2,json,dns_cbor,binvec,1,0.2,dt,,2768,8840,10170,0,0,9993,1.0,1.0,1.0,1.0
oscore-base,eth,,1024,d2,json,dns_cbor,binvec,1,0.2,dt,,2776,8840,10179,0,0,9984,1.0,1.0,1.0,1.0
oscore-base,eth,,1024,d2,json,dns_cbor,binvec,1,0.2,dt,,2784,8840,10074,0,0,10089,1.0,1.0,1.0,1.0
oscore-base,eth,,1024,d2,json,dns_cbor,binvec,1,0.2,dt,,2792,8840,10249,0,0,9914,1.0,1.0,1.0,1.0
oscore-base,eth,,1024,d2,json,dns_cbor,binvec,1,0.2,dt,,2800,8840,10078,0,0,10085,1.0,1.0,1.0,1.0
oscore-base,eth,,1024,d2,json,dns_cbor,binvec,1,0.2,dt,,2808,8840,10219,0,0,9944,1.0,1.0,1.0,1.0
oscore-base,eth,,1024,d2,json,dns_cbor,binvec,1,0.2,dt,,2816,8840,10040,0,0,10123,1.0,1.0,1.0,1.0
oscore-base,eth,,1024,d2,json,dns_cbor,binvec,1,0.2,dt,,2824,8840,10166,0,0,9997,1.0,1.0,1.0,1.0
oscore-base,eth,,1024,d2,json,dns_cbor,binvec,1,0.2,dt,,2832,8840,10138,0,0,10025,1.0,1.0,1.0,1.0
oscore-base,eth,,1024,d2,json,dns_cbor,binvec,1,0.2,dt,,2840,8840,10024,0,0,10139,1.0,1.0,1.0,1.0
oscore-base,eth,,1024,d2,json,dns_cbor,binvec,1,0.2,dt,,2848,8840,10097,0,0,10066,1.0,1.0,1.0,1.0
oscore-base,eth,,1024,d2,json,dns_cbor,binvec,1,0.2,dt,,2856,8840,10101,0,0,10062,1.0,1.0,1.0,1.0
oscore-base,eth,,1024,d2,json,dns_cbor,binvec,1,0.2,dt,,2864,8840,10119,0,0,10044,1.0,1.0,1.0,1.0
oscore-base,eth,,1024,d2,json,dns_cbor,binvec,1,0.2,dt,,2872,8840,10109,0,0,10054,1.0,1.0,1.0,1.0
oscore-base,eth,,1024,d2,json,dns_cbor,binvec,1,0.2,dt,,2880,8840,10045,0,0,10118,1.0,1.0,1.0,1.0
oscore-base,eth,,1024,d2,json,dns_cbor,binvec,1,0.2,dt,,2888,8840,10153,0,0,10010,1.0,1.0,1.0,1.0
oscore-base,eth,,1024,d2,json,dns_cbor,binvec,1,0.2,dt,,2896,8840,10127,0,0,10036,1.0,1.0,1.0,1.0
oscore-base,eth,,1024,d2,json,dns_cbor,binvec,1,0.2,dt,,2904,8840,9982,0,0,10181,1.0,1.0,1.0,1.0
oscore-base,eth,,1024,d2,json,dns_cbor,binvec,1,0.2,dt,,2912,8840,10043,0,0,10120,1.0,1.0,1.0,1.0
oscore-base,eth,,1024,d2,json,dns_cbor,binvec,1,0.2,dt,,2920,8840,10074,0,0,10089,1.0,1.0,1.0,1.0
oscore-base,eth,,1024,d2,json,dns_cbor,binvec,1,0.2,dt,,2928,8840,10016,0,0,10147,1.0,1.0,1.0,1.0
oscore-base,eth,,1024,d2,json,dns_cbor,binvec,1,0.2,dt,,2936,8840,10139,0,0,10024,1.0,1.0,1.0,1.0
oscore-base,eth,,1024,d2,json,dns_cbor,binvec,1,0.2,dt,,2944,8840,10207,0,0,9956,1.0,1.0,1.0,1.0
oscore-base,eth,,1024,d2,json,dns_cbor,binvec,1,0.2,dt,,2952,8840,10200,0,0,9963,1.0,1.0,1.0,1.0
oscore-base,eth,,1024,d2,json,dns_cbor,binvec,1,0.2,dt,,2960,8840,10138,0,0,10025,1.0,1.0,1.0,1.0
oscore-base,eth,,1024,d2,json,dns_cbor,binvec,1,0.2,dt,,2968,8840,10071,0,0,10092,1.0,1.0,1.0,1.0
oscore-base,eth,,1024,d2,json,dns_cbor,binvec,1,0.2,dt,,2976,8840,10028,0,0,10135,1.0,1.0,1.0,1.0
oscore-base,eth,,1024,d2,json,dns_cbor,binvec,1,0.2,dt,,2984,8840,10125,0,0,10038,1.0,1.0,1.0,1.0
oscore-base,eth,,1024,d2,json,dns_cbor,binvec,1,0.2,dt,,2992,8840,10156,0,0,10007,1.0,1.0,1.0,1.0
oscore-base,eth,,1024,d2,json,dns_cbor,binvec,1,0.2,dt,,3000,8840,10156,0,0,10007,1.0,1.0,1.0,1.0
oscore-base,eth,,1024,d2,json,dns_cbor,binvec,1,0.2,dt,,3008,8840,10022,0,0,10141,1.0,1.0,1.0,1.0
oscore-base,eth,,1024,d2,json,dns_cbor,binvec,1,0.2,dt,,3016,8840,10103,0,0,10060,1.0,1.0,1.0,1.0
oscore-base,eth,,1024,d2,json,dns_cbor,binvec,1,0.2,dt,,3024,8840,10051,0,0,10112,1.0,1.0,1.0,1.0
oscore-base,eth,,1024,d2,json,dns_cbor,binvec,1,0.2,dt,,3032,8840,9982,0,0,10181,1.0,1.0,1.0,1.0
oscore-base,eth,,1024,d2,json,dns_cbor,binvec,1,0.2,dt,,3040,8840,10140,0,0,10023,1.0,1.0,1.0,1.0
oscore-base,eth,,1024,d2,json,dns_cbor,binvec,1,0.2,dt,,3048,8840,10036,0,0,10127,1.0,1.0,1.0,1.0
oscore-base,eth,,1024,d2,json,dns_cbor,binvec,1,0.2,dt,,3056,8840,10067,0,0,10096,1.0,1.0,1.0,1.0
oscore-base,eth,,1024,d2,json,dns_cbor,binvec,1,0.2,dt,,3064,8840,10034,0,0,10129,1.0,1.0,1.0,1.0
oscore-base,eth,,1024,d2,json,dns_cbor,binvec,1,0.2,dt,,3072,8840,10071,0,0,10092,1.0,1.0,1.0,1.0
oscore-base,eth,,1024,d2,json,dns_cbor,binvec,1,0.2,dt,,3080,8840,10038,0,0,10125,1.0,1.0,1.0,1.0
oscore-base,eth,,1024,d2,json,dns_cbor,binvec,1,0.2,dt,,3088,8840,10089,0,0,10074,1.0,1.0,1.0,1.0
oscore-base,eth,,1024,d2,json,dns_cbor,binvec,1,0.2,dt,,3096,8840,9984,0,0,10179,1.0,1.0,1.0,1.0
oscore-base,eth,,1024,d2,json,dns_cbor,binvec,1,0.2,dt,,3104,8840,10164,0,0,9999,1.0,1.0,1.0,1.0
oscore-base,eth,,1024,d2,json,dns_cbor,binvec,1,0.2,dt,,3112,8840,10119,0,0,10044,1.0,1.0,1.0,1.0
oscore-base,eth,,1024,d2,json,dns_cbor,binvec,1,0.2,dt,,3120,8840,10006,0,0,10157,1.0,1.0,1.0,1.0
oscore-base,eth,,1024,d2,json,dns_cbor,binvec,1,0.2,dt,,3128,8840,10105,0,0,10058,1.0,1.0,1.0,1.0
oscore-base,eth,,1024,d2,json,dns_cbor,binvec,1,0.2,dt,,3136,8840,10115,0,0,10048,1.0,1.0,1.0,1.0
oscore-base,eth,,1024,d2,json,dns_cbor,binvec,1,0.2,dt,,3144,8840,10150,0,0,10013,1.0,1.0,1.0,1.0
oscore-base,eth,,1024,d2,json,dns_cbor,binvec,1,0.2,dt,,3152,8840,10095,0,0,10068,1.0,1.0,1.0,1.0
oscore-base,eth,,1024,d2,json,dns_cbor,binvec,1,0.2,dt,,3160,8840,10081,0,0,10082,1.0,1.0,1.0,1.0
oscore-base,eth,,1024,d2,json,dns_cbor,binvec,1,0.2,dt,,3168,8840,10051,0,0,10112,1.0,1.0,1.0,1.0
oscore-base,eth,,1024,d2,json,dns_cbor,binvec,1,0.2,dt,,3176,8840,10131,0,0,10032,1.0,1.0,1.0,1.0
oscore-base,eth,,1024,d2,json,dns_cbor,binvec,1,0.2,dt,,3184,8840,10183,0,0,9980,1.0,1.0,1.0,1.0
oscore-base,eth,,1024,d2,json,dns_cbor,binvec,1,0.2,dt,,3192,8840,9996,0,0,10167,1.0,1.0,1.0,1.0
oscore-base,eth,,1024,d2,json,dns_cbor,binvec,1,0.2,dt,,3200,8840,10087,0,0,10076,1.0,1.0,1.0,1.0
oscore-base,eth,,1024,d2,json,dns_cbor,binvec,1,0.2,dt,,3208,8840,10164,0,0,9999,1.0,1.0,1.0,1.0
oscore-base,eth,,1024,d2,json,dns_cbor,binvec,1,0.2,dt,,3216,8840,10137,0,0,10026,1.0,1.0,1.0,1.0
oscore-base,eth,,1024,d2,json,dns_cbor,binvec,1,0.2,dt,,3224,8840,10158,0,0,10005,1.0,1.0,1.0,1.0
oscore-base,eth,,1024,d2,json,dns_cbor,binvec,1,0.2,dt,,3232,8840,10068,0,0,10095,1.0,1.0,1.0,1.0
oscore-base,eth,,1024,d2,json,dns_cbor,binvec,1,0.2,dt,,3240,8840,10095,0,0,10068,1.0,1.0,1.0,1.0
oscore-base,eth,,1024,d2,json,dns_cbor,binvec,1,0.2,dt,,3248,8840,10112,0,0,10051,1.0,1.0,1.0,1.0
oscore-base,eth,,1024,d2,json,dns_cbor,binvec,1,0.2,dt,,3256,8840,9982,0,0,10181,1.0,1.0,1.0,1.0
oscore-base,eth,,1024,d2,json,dns_cbor,binvec,1,0.2,dt,,3264,8840,10031,0,0,10132,1.0,1.0,1.0,1.0
oscore-base,eth,,1024,d2,json,dns_cbor,binvec,1,0.2,dt,,3272,8840,10123,0,0,10040,1.0,1.0,1.0,1.0
oscore-base,eth,,1024,d2,json,dns_cbor,binvec,1,0.2,dt,,3280,8840,10150,0,0,10013,1.0,1.0,1.0,1.0
oscore-base,eth,,1024,d2,json,dns_cbor,binvec,1,0.2,dt,,3288,8840,10121,0,0,10042,1.0,1.0,1.0,1.0
oscore-base,eth,,1024,d2,json,dns_cbor,binvec,1,0.2,dt,,3296,8840,10140,0,0,10023,1.0,1.0,1.0,1.0
oscore-base,eth,,1024,d2,json,dns_cbor,binvec,1,0.2,dt,,3304,8840,10077,0,0,10086,1.0,1.0,1.0,1.0
oscore-base,eth,,1024,d2,json,dns_cbor,binvec,1,0.2,dt,,3312,8840,10127,0,0,10036,1.0,1.0,1.0,1.0
oscore-base,eth,,1024,d2,json,dns_cbor,binvec,1,0.2,dt,,3320,8840,10037,0,0,10126,1.0,1.0,1.0,1.0
oscore-base,eth,,1024,d2,json,dns_cbor,binvec,1,0.2,dt,,3328,8840,9993,0,0,10170,1.0,1.0,1.0,1.0
oscore-base,eth,,1024,d2,json,dns_cbor,binvec,1,0.2,dt,,3336,8840,10160,0,0,10003,1.0,1.0,1.0,1.0
oscore-base,eth,,1024,d2,json,dns_cbor,binvec,1,0.2,dt,,3344,8840,10124,0,0,10039,1.0,1.0,1.0,1.0
oscore-base,eth,,1024,d2,json,dns_cbor,binvec,1,0.2,dt,,3352,8840,10120,0,0,10043,1.0,1.0,1.0,1.0
oscore-base,eth,,1024,d2,json,dns_cbor,binvec,1,0.2,dt,,3360,8840,10052,0,0,10111,1.0,1.0,1.0,1.0
oscore-base,eth,,1024,d2,json,dns_cbor,binvec,1,0.2,dt,,3368,8840,10067,0,0,10096,1.0,1.0,1.0,1.0
oscore-base,eth,,1024,d2,json,dns_cbor,binvec,1,0.2,dt,,3376,8840,10171,0,0,9992,1.0,1.0,1.0,1.0
oscore-base,eth,,1024,d2,json,dns_cbor,binvec,1,0.2,dt,,3384,8840,10113,0,0,10050,1.0,1.0,1.0,1.0
oscore-base,eth,,1024,d2,json,dns_cbor,binvec,1,0.2,dt,,3392,8840,10181,0,0,9982,1.0,1.0,1.0,1.0
oscore-base,eth,,1024,d2,json,dns_cbor,binvec,1,0.2,dt,,3400,8840,10024,0,0,10139,1.0,1.0,1.0,1.0
oscore-base,eth,,1024,d2,json,dns_cbor,binvec,1,0.2,dt,,3408,8840,10061,0,0,10102,1.0,1.0,1.0,1.0
oscore-base,eth,,1024,d2,json,dns_cbor,binvec,1,0.2,dt,,3416,8840,10104,0,0,10059,1.0,1.0,1.0,1.0
oscore-base,eth,,1024,d2,json,dns_cbor,binvec,1,0.2,dt,,3424,8840,10079,0,0,10084,1.0,1.0,1.0,1.0
oscore-base,eth,,1024,d2,json,dns_cbor,binvec,1,0.2,dt,,3432,8840,9934,0,0,10229,1.0,1.0,1.0,1.0
oscore-base,eth,,1024,d2,json,dns_cbor,binvec,1,0.2,dt,,3440,8840,10077,0,0,10086,1.0,1.0,1.0,1.0
oscore-base,eth,,1024,d2,json,dns_cbor,binvec,1,0.2,dt,,3448,8840,10164,0,0,9999,1.0,1.0,1.0,1.0
oscore-base,eth,,1024,d2,json,dns_cbor,binvec,1,0.2,dt,,3456,8840,10121,0,0,10042,1.0,1.0,1.0,1.0
oscore-base,eth,,1024,d2,json,dns_cbor,binvec,1,0.2,dt,,3464,8840,10056,0,0,10107,1.0,1.0,1.0,1.0
oscore-base,eth,,1024,d2,json,dns_cbor,binvec,1,0.2,dt,,3472,8840,9891,0,0,10272,1.0,1.0,1.0,1.0
oscore-base,eth,,1024,d2,json,dns_cbor,binvec,1,0.2,dt,,3480,8840,10085,0,0,10078,1.0,1.0,1.0,1.0
oscore-base,eth,,1024,d2,json,dns_cbor,binvec,1,0.2,dt,,3488,8840,10029,0,0,10134,1.0,1.0,1.0,1.0
oscore-base,eth,,1024,d2,json,dns_cbor,binvec,1,0.2,dt,,3496,8840,9946,0,0,10217,1.0,1.0,1.0,1.0
oscore-base,eth,,1024,d2,json,dns_cbor,binvec,1,0.2,dt,,3504,8840,10062,0,0,10101,1.0,1.0,1.0,1.0
oscore-base,eth,,1024,d2,json,dns_cbor,binvec,1,0.2,dt,,3512,8840,10093,0,0,10070,1.0,1.0,1.0,1.0
oscore-base,eth,,1024,d2,json,dns_cbor,binvec,1,0.2,dt,,3520,8840,10039,0,0,10124,1.0,1.0,1.0,1.0
oscore-base,eth,,1024,d2,json,dns_cbor,binvec,1,0.2,dt,,3528,8840,10041,0,0,10122,1.0,1.0,1.0,1.0
oscore-base,eth,,1024,d2,json,dns_cbor,binvec,1,0.2,dt,,3536,8840,10114,0,0,10049,1.0,1.0,1.0,1.0
oscore-base,eth,,1024,d2,json,dns_cbor,binvec,1,0.2,dt,,3544,8840,10102,0,0,10061,1.0,1.0,1.0,1.0
oscore-base,eth,,1024,d2,json,dns_cbor,binvec,1,0.2,dt,,3552,8840,10106,0,0,10057,1.0,1.0,1.0,1.0
oscore-base,eth,,1024,d2,json,dns_cbor,binvec,1,0.2,dt,,3560,8840,10054,0,0,10109,1.0,1.0,1.0,1.0
oscore-base,eth,,1024,d2,json,dns_cbor,binvec,1,0.2,dt,,3568,8840,10085,0,0,10078,1.0,1.0,1.0,1.0
oscore-base,eth,,1024,d2,json,dns_cbor,binvec,1,0.2,dt,,3576,8840,10072,0,0,10091,1.0,1.0,1.0,1.0
oscore-base,eth,,1024,d2,json,dns_cbor,binvec,1,0.2,dt,,3584,8840,10116,0,0,10047,1.0,1.0,1.0,1.0
oscore-base,eth,,1024,d2,json,dns_cbor,binvec,1,0.2,dt,,3592,8840,10090,0,0,10073,1.0,1.0,1.0,1.0
oscore-base,eth,,1024,d2,json,dns_cbor,binvec,1,0.2,dt,,3600,8840,9983,0,0,10180,1.0,1.0,1.0,1.0
oscore-base,eth,,1024,d2,json,dns_cbor,binvec,1,0.2,dt,,3608,8840,10080,0,0,10083,1.0,1.0,1.0,1.0
oscore-base,eth,,1024,d2,json,dns_cbor,binvec,1,0.2,dt,,3616,8840,10157,0,0,10006,1.0,1.0,1.0,1.0
oscore-base,eth,,1024,d2,json,dns_cbor,binvec,1,0.2,dt,,3624,8840,10069,0,0,10094,1.0,1.0,1.0,1.0
oscore-base,eth,,1024,d2,json,dns_cbor,binvec,1,0.2,dt,,3632,8840,10154,0,0,10009,1.0,1.0,1.0,1.0
oscore-base,eth,,1024,d2,json,dns_cbor,binvec,1,0.2,dt,,3640,8840,10038,0,0,10125,1.0,1.0,1.0,1.0
oscore-base,eth,,1024,d2,json,dns_cbor,binvec,1,0.2,dt,,3648,8840,10015,0,0,10148,1.0,1.0,1.0,1.0
oscore-base,eth,,1024,d2,json,dns_cbor,binvec,1,0.2,dt,,3656,8840,10022,0,0,10141,1.0,1.0,1.0,1.0
oscore-base,eth,,1024,d2,json,dns_cbor,binvec,1,0.2,dt,,3664,8840,10020,0,0,10143,1.0,1.0,1.0,1.0
oscore-base,eth,,1024,d2,json,dns_cbor,binvec,1,0.2,dt,,3672,8840,10044,0,0,10119,1.0,1.0,1.0,1.0
oscore-base,eth,,1024,d2,json,dns_cbor,binvec,1,0.2,dt,,3680,8840,10090,0,0,10073,1.0,1.0,1.0,1.0
oscore-base,eth,,1024,d2,json,dns_cbor,binvec,1,0.2,dt,,3688,8840,10059,0,0,10104,1.0,1.0,1.0,1.0
oscore-base,eth,,1024,d2,json,dns_cbor,binvec,1,0.2,dt,,3696,8840,10114,0,0,10049,1.0,1.0,1.0,1.0
oscore-base,eth,,1024,d2,json,dns_cbor,binvec,1,0.2,dt,,3704,8840,10033,0,0,10130,1.0,1.0,1.0,1.0
oscore-base,eth,,1024,d2,json,dns_cbor,binvec,1,0.2,dt,,3712,8840,10107,0,0,10056,1.0,1.0,1.0,1.0
oscore-base,eth,,1024,d2,json,dns_cbor,binvec,1,0.2,dt,,3720,8840,10132,0,0,10031,1.0,1.0,1.0,1.0
oscore-base,eth,,1024,d2,json,dns_cbor,binvec,1,0.2,dt,,3728,8840,10171,0,0,9992,1.0,1.0,1.0,1.0
oscore-base,eth,,1024,d2,json,dns_cbor,binvec,1,0.2,dt,,3736,8840,10106,0,0,10057,1.0,1.0,1.0,1.0
oscore-base,eth,,1024,d2,json,dns_cbor,binvec,1,0.2,dt,,3744,8840,10024,0,0,10139,1.0,1.0,1.0,1.0
oscore-base,eth,,1024,d2,json,dns_cbor,binvec,1,0.2,dt,,3752,8840,10001,0,0,10162,1.0,1.0,1.0,1.0
oscore-base,eth,,1024,d2,json,dns_cbor,binvec,1,0.2,dt,,3760,8840,10069,0,0,10094,1.0,1.0,1.0,1.0
oscore-base,eth,,1024,d2,json,dns_cbor,binvec,1,0.2,dt,,3768,8840,10184,0,0,9979,1.0,1.0,1.0,1.0
oscore-base,eth,,1024,d2,json,dns_cbor,binvec,1,0.2,dt,,3776,8840,10018,0,0,10145,1.0,1.0,1.0,1.0
oscore-base,eth,,1024,d2,json,dns_cbor,binvec,1,0.2,dt,,3784,8840,10119,0,0,10044,1.0,1.0,1.0,1.0
oscore-base,eth,,1024,d2,json,dns_cbor,binvec,1,0.2,dt,,3792,8840,10044,0,0,10119,1.0,1.0,1.0,1.0
oscore-base,eth,,1024,d2,json,dns_cbor,binvec,1,0.2,dt,,3800,8840,10088,0,0,10075,1.0,1.0,1.0,1.0
oscore-base,eth,,1024,d2,json,dns_cbor,binvec,1,0.2,dt,,3808,8840,10148,0,0,10015,1.0,1.0,1.0,1.0
oscore-base,eth,,1024,d2,json,dns_cbor,binvec,1,0.2,dt,,3816,8840,10172,0,0,9991,1.0,1.0,1.0,1.0
oscore-base,eth,,1024,d2,json,dns_cbor,binvec,1,0.2,dt,,3824,8840,10108,0,0,10055,1.0,1.0,1.0,1.0
oscore-base,eth,,1024,d2,json,dns_cbor,binvec,1,0.2,dt,,3832,8840,10172,0,0,9991,1.0,1.0,1.0,1.0
oscore-base,eth,,1024,d2,json,dns_cbor,binvec,1,0.2,dt,,3840,8840,10101,0,0,10062,1.0,1.0,1.0,1.0
oscore-base,eth,,1024,d2,json,dns_cbor,binvec,1,0.2,dt,,3848,8840,10102,0,0,10061,1.0,1.0,1.0,1.0
oscore-base,eth,,1024,d2,json,dns_cbor,binvec,1,0.2,dt,,3856,8840,10210,0,0,9953,1.0,1.0,1.0,1.0
oscore-base,eth,,1024,d2,json,dns_cbor,binvec,1,0.2,dt,,3864,8840,10103,0,0,10060,1.0,1.0,1.0,1.0
oscore-base,eth,,1024,d2,json,dns_cbor,binvec,1,0.2,dt,,3872,8840,10092,0,0,10071,1.0,1.0,1.0,1.0
oscore-base,eth,,1024,d2,json,dns_cbor,binvec,1,0.2,dt,,3880,8840,10150,0,0,10013,1.0,1.0,1.0,1.0
oscore-base,eth,,1024,d2,json,dns_cbor,binvec,1,0.2,dt,,3888,8840,10038,0,0,10125,1.0,1.0,1.0,1.0
oscore-base,eth,,1024,d2,json,dns_cbor,binvec,1,0.2,dt,,3896,8840,10098,0,0,10065,1.0,1.0,1.0,1.0
oscore-base,eth,,1024,d2,json,dns_cbor,binvec,1,0.2,dt,,3904,8840,10135,0,0,10028,1.0,1.0,1.0,1.0
oscore-base,eth,,1024,d2,json,dns_cbor,binvec,1,0.2,dt,,3912,8840,10084,0,0,10079,1.0,1.0,1.0,1.0
oscore-base,eth,,1024,d2,json,dns_cbor,binvec,1,0.2,dt,,3920,8840,10104,0,0,10059,1.0,1.0,1.0,1.0
oscore-base,eth,,1024,d2,json,dns_cbor,binvec,1,0.2,dt,,3928,8840,10063,0,0,10100,1.0,1.0,1.0,1.0
oscore-base,eth,,1024,d2,json,dns_cbor,binvec,1,0.2,dt,,3936,8840,10169,0,0,9994,1.0,1.0,1.0,1.0
oscore-base,eth,,1024,d2,json,dns_cbor,binvec,1,0.2,dt,,3944,8840,10045,0,0,10118,1.0,1.0,1.0,1.0
oscore-base,eth,,1024,d2,json,dns_cbor,binvec,1,0.2,dt,,3952,8840,10052,0,0,10111,1.0,1.0,1.0,1.0
oscore-base,eth,,1024,d2,json,dns_cbor,binvec,1,0.2,dt,,3960,8840,10033,0,0,10130,1.0,1.0,1.0,1.0
oscore-base,eth,,1024,d2,json,dns_cbor,binvec,1,0.2,dt,,3968,8840,10153,0,0,10010,1.0,1.0,1.0,1.0
oscore-base,eth,,1024,d2,json,dns_cbor,binvec,1,0.2,dt,,3976,8840,10094,0,0,10069,1.0,1.0,1.0,1.0
oscore-base,eth,,1024,d2,json,dns_cbor,binvec,1,0.2,dt,,3984,8840,10045,0,0,10118,1.0,1.0,1.0,1.0
oscore-base,eth,,1024,d2,json,dns_cbor,binvec,1,0.2,dt,,3992,8840,10039,0,0,10124,1.0,1.0,1.0,1.0
oscore-base,eth,,1024,d2,json,dns_cbor,binvec,1,0.2,dt,,4000,8840,10159,0,0,10004,1.0,1.0,1.0,1.0
oscore-base,eth,,1024,d2,json,dns_cbor,binvec,1,0.2,dt,,4008,8840,9946,0,0,10217,1.0,1.0,1.0,1.0
oscore-base,eth,,1024,d2,json,dns_cbor,binvec,1,0.2,dt,,4016,8840,9988,0,0,10175,1.0,1.0,1.0,1.0
oscore-base,eth,,1024,d2,json,dns_cbor,binvec,1,0.2,dt,,4024,8840,10110,0,0,10053,1.0,1.0,1.0,1.0
oscore-base,eth,,1024,d2,json,dns_cbor,binvec,1,0.2,dt,,4032,8840,10036,0,0,10127,1.0,1.0,1.0,1.0
oscore-base,eth,,1024,d2,json,dns_cbor,binvec,1,0.2,dt,,4040,8840,10019,0,0,10144,1.0,1.0,1.0,1.0
oscore-base,eth,,1024,d2,json,dns_cbor,binvec,1,0.2,dt,,4048,8840,10061,0,0,10102,1.0,1.0,1.0,1.0
oscore-base,eth,,1024,d2,json,dns_cbor,binvec,1,0.2,dt,,4056,8840,9985,0,0,10178,1.0,1.0,1.0,1.0
oscore-base,eth,,1024,d2,json,dns_cbor,binvec,1,0.2,dt,,4064,8840,10087,0,0,10076,1.0,1.0,1.0,1.0
oscore-base,eth,,1024,d2,json,dns_cbor,binvec,1,0.2,dt,,4072,8840,10058,0,0,10105,1.0,1.0,1.0,1.0
oscore-base,eth,,1024,d2,json,dns_cbor,binvec,1,0.2,dt,,4080,8840,10017,0,0,10146,1.0,1.0,1.0,1.0
oscore-base,eth,,1024,d2,json,dns_cbor,binvec,1,0.2,dt,,4088,8840,10029,0,0,10134,1.0,1.0,1.0,1.0
oscore-base,eth,,1024,d2,json,dns_cbor,binvec,1,0.2,dt,,4096,8840,9925,0,0,10238,1.0,1.0,1.0,1.0
oscore-base,eth,,1024,d2,json,dns_cbor,binvec,1,0.2,dt,,4104,8840,10206,0,0,9957,1.0,1.0,1.0,1.0
oscore-base,eth,,1024,d2,json,dns_cbor,binvec,1,0.2,dt,,4112,8840,10036,0,0,10127,1.0,1.0,1.0,1.0
oscore-base,eth,,1024,d2,json,dns_cbor,binvec,1,0.2,dt,,4120,8840,10158,0,0,10005,1.0,1.0,1.0,1.0
oscore-base,eth,,1024,d2,json,dns_cbor,binvec,1,0.2,dt,,4128,8840,10138,0,0,10025,1.0,1.0,1.0,1.0
oscore-base,eth,,1024,d2,json,dns_cbor,binvec,1,0.2,dt,,4136,8840,9991,0,0,10172,1.0,1.0,1.0,1.0
oscore-base,eth,,1024,d2,json,dns_cbor,binvec,1,0.2,dt,,4144,8840,10141,0,0,10022,1.0,1.0,1.0,1.0
oscore-base,eth,,1024,d2,json,dns_cbor,binvec,1,0.2,dt,,4152,8840,10063,0,0,10100,1.0,1.0,1.0,1.0
oscore-base,eth,,1024,d2,json,dns_cbor,binvec,1,0.2,dt,,4160,8840,10185,0,0,9978,1.0,1.0,1.0,1.0
oscore-base,eth,,1024,d2,json,dns_cbor,binvec,1,0.2,dt,,4168,8840,9863,0,0,10300,1.0,1.0,1.0,1.0
oscore-base,eth,,1024,d2,json,dns_cbor,binvec,1,0.2,dt,,4176,8840,10174,0,0,9989,1.0,1.0,1.0,1.0
oscore-base,eth,,1024,d2,json,dns_cbor,binvec,1,0.2,dt,,4184,8840,10017,0,0,10146,1.0,1.0,1.0,1.0
oscore-base,eth,,1024,d2,json,dns_cbor,binvec,1,0.2,dt,,4192,8840,10103,0,0,10060,1.0,1.0,1.0,1.0
oscore-base,eth,,1024,d2,json,dns_cbor,binvec,1,0.2,dt,,4200,8840,10098,0,0,10065,1.0,1.0,1.0,1.0
oscore-base,eth,,1024,d2,json,dns_cbor,binvec,1,0.2,dt,,4208,8840,10103,0,0,10060,1.0,1.0,1.0,1.0
oscore-base,eth,,1024,d2,json,dns_cbor,binvec,1,0.2,dt,,4216,8840,10041,0,0,10122,1.0,1.0,1.0,1.0
oscore-base,eth,,1024,d2,json,dns_cbor,binvec,1,0.2,dt,,4224,8840,10171,0,0,9992,1.0,1.0,1.0,1.0
oscore-base,eth,,1024,d2,json,dns_cbor,binvec,1,0.2,dt,,4232,8840,10068,0,0,10095,1.0,1.0,1.0,1.0
oscore-base,eth,,1024,d2,json,dns_cbor,binvec,1,0.2,dt,,4240,8840,10022,0,0,10141,1.0,1.0,1.0,1.0
oscore-base,eth,,1024,d2,json,dns_cbor,binvec,1,0.2,dt,,4248,8840,10059,0,0,10104,1.0,1.0,1.0,1.0
oscore-base,eth,,1024,d2,json,dns_cbor,binvec,1,0.2,dt,,4256,8840,10093,0,0,10070,1.0,1.0,1.0,1.0
oscore-base,eth,,1024,d2,json,dns_cbor,binvec,1,0.2,dt,,4264,8840,10112,0,0,10051,1.0,1.0,1.0,1.0
oscore-base,eth,,1024,d2,json,dns_cbor,binvec,1,0.2,dt,,4272,8840,10050,0,0,10113,1.0,1.0,1.0,1.0
oscore-base,eth,,1024,d2,json,dns_cbor,binvec,1,0.2,dt,,4280,8840,10056,0,0,10107,1.0,1.0,1.0,1.0
oscore-base,eth,,1024,d2,json,dns_cbor,binvec,1,0.2,dt,,4288,8840,10053,0,0,10110,1.0,1.0,1.0,1.0
oscore-base,eth,,1024,d2,json,dns_cbor,binvec,1,0.2,dt,,4296,8840,10002,0,0,10161,1.0,1.0,1.0,1.0
oscore-base,eth,,1024,d2,json,dns_cbor,binvec,1,0.2,dt,,4304,8840,10092,0,0,10071,1.0,1.0,1.0,1.0
oscore-base,eth,,1024,d2,json,dns_cbor,binvec,1,0.2,dt,,4312,8840,10101,0,0,10062,1.0,1.0,1.0,1.0
oscore-base,eth,,1024,d2,json,dns_cbor,binvec,1,0.2,dt,,4320,8840,10081,0,0,10082,1.0,1.0,1.0,1.0
oscore-base,eth,,1024,d2,json,dns_cbor,binvec,1,0.2,dt,,4328,8840,10052,0,0,10111,1.0,1.0,1.0,1.0
oscore-base,eth,,1024,d2,json,dns_cbor,binvec,1,0.2,dt,,4336,8840,9965,0,0,10198,1.0,1.0,1.0,1.0
oscore-base,eth,,1024,d2,json,dns_cbor,binvec,1,0.2,dt,,4344,8840,10014,0,0,10149,1.0,1.0,1.0,1.0
oscore-base,eth,,1024,d2,json,dns_cbor,binvec,1,0.2,dt,,4352,8840,10097,0,0,10066,1.0,1.0,1.0,1.0
oscore-base,eth,,1024,d2,json,dns_cbor,binvec,1,0.2,dt,,4360,8840,10131,0,0,10032,1.0,1.0,1.0,1.0
oscore-base,eth,,1024,d2,json,dns_cbor,binvec,1,0.2,dt,,4368,8840,10051,0,0,10112,1.0,1.0,1.0,1.0
oscore-base,eth,,1024,d2,json,dns_cbor,binvec,1,0.2,dt,,4376,8840,10163,0,0,10000,1.0,1.0,1.0,1.0
oscore-base,eth,,1024,d2,json,dns_cbor,binvec,1,0.2,dt,,4384,8840,10147,0,0,10016,1.0,1.0,1.0,1.0
oscore-base,eth,,1024,d2,json,dns_cbor,binvec,1,0.2,dt,,4392,8840,10110,0,0,10053,1.0,1.0,1.0,1.0
oscore-base,eth,,1024,d2,json,dns_cbor,binvec,1,0.2,dt,,4400,8840,10015,0,0,10148,1.0,1.0,1.0,1.0
oscore-base,eth,,1024,d2,json,dns_cbor,binvec,1,0.2,dt,,4408,8840,10028,0,0,10135,1.0,1.0,1.0,1.0
oscore-base,eth,,1024,d2,json,dns_cbor,binvec,1,0.2,dt,,4416,8840,10072,0,0,10091,1.0,1.0,1.0,1.0
oscore-base,eth,,1024,d2,json,dns_cbor,binvec,1,0.2,dt,,4424,8840,10059,0,0,10104,1.0,1.0,1.0,1.0
oscore-base,eth,,1024,d2,json,dns_cbor,binvec,1,0.2,dt,,4432,8840,10197,0,0,9966,1.0,1.0,1.0,1.0
oscore-base,eth,,1024,d2,json,dns_cbor,binvec,1,0.2,dt,,4440,8840,10061,0,0,10102,1.0,1.0,1.0,1.0
oscore-base,eth,,1024,d2,json,dns_cbor,binvec,1,0.2,dt,,4448,8840,10011,0,0,10152,1.0,1.0,1.0,1.0
oscore-base,eth,,1024,d2,json,dns_cbor,binvec,1,0.2,dt,,4456,8840,10118,0,0,10045,1.0,1.0,1.0,1.0
oscore-base,eth,,1024,d2,json,dns_cbor,binvec,1,0.2,dt,,4464,8840,10203,0,0,9960,1.0,1.0,1.0,1.0
oscore-base,eth,,1024,d2,json,dns_cbor,binvec,1,0.2,dt,,4472,8840,10064,0,0,10099,1.0,1.0,1.0,1.0
oscore-base,eth,,1024,d2,json,dns_cbor,binvec,1,0.2,dt,,4480,8840,9984,0,0,10179,1.0,1.0,1.0,1.0
oscore-base,eth,,1024,d2,json,dns_cbor,binvec,1,0.2,dt,,4488,8840,10063,0,0,10100,1.0,1.0,1.0,1.0
oscore-base,eth,,1024,d2,json,dns_cbor,binvec,1,0.2,dt,,4496,8840,10154,0,0,10009,1.0,1.0,1.0,1.0
oscore-base,eth,,1024,d2,json,dns_cbor,binvec,1,0.2,dt,,4504,8840,10127,0,0,10036,1.0,1.0,1.0,1.0
oscore-base,eth,,1024,d2,json,dns_cbor,binvec,1,0.2,dt,,4512,8840,9989,0,0,10174,1.0,1.0,1.0,1.0
oscore-base,eth,,1024,d2,json,dns_cbor,binvec,1,0.2,dt,,4520,8840,10134,0,0,10029,1.0,1.0,1.0,1.0
oscore-base,eth,,1024,d2,json,dns_cbor,binvec,1,0.2,dt,,4528,8840,9927,0,0,10236,1.0,1.0,1.0,1.0
oscore-base,eth,,1024,d2,json,dns_cbor,binvec,1,0.2,dt,,4536,8840,10021,0,0,10142,1.0,1.0,1.0,1.0
oscore-base,eth,,1024,d2,json,dns_cbor,binvec,1,0.2,dt,,4544,8840,10215,0,0,9948,1.0,1.0,1.0,1.0
oscore-base,eth,,1024,d2,json,dns_cbor,binvec,1,0.2,dt,,4552,8840,10117,0,0,10046,1.0,1.0,1.0,1.0
oscore-base,eth,,1024,d2,json,dns_cbor,binvec,1,0.2,dt,,4560,8840,10110,0,0,10053,1.0,1.0,1.0,1.0
oscore-base,eth,,1024,d2,json,dns_cbor,binvec,1,0.2,dt,,4568,8840,10097,0,0,10066,1.0,1.0,1.0,1.0
oscore-base,eth,,1024,d2,json,dns_cbor,binvec,1,0.2,dt,,4576,8840,10076,0,0,10087,1.0,1.0,1.0,1.0
oscore-base,eth,,1024,d2,json,dns_cbor,binvec,1,0.2,dt,,4584,8840,10087,0,0,10076,1.0,1.0,1.0,1.0
oscore-base,eth,,1024,d2,json,dns_cbor,binvec,1,0.2,dt,,4592,8840,10108,0,0,10055,1.0,1.0,1.0,1.0
oscore-base,eth,,1024,d2,json,dns_cbor,binvec,1,0.2,dt,,4600,8840,9971,0,0,10192,1.0,1.0,1.0,1.0
oscore-base,eth,,1024,d2,json,dns_cbor,binvec,1,0.2,dt,,4608,8840,10029,0,0,10134,1.0,1.0,1.0,1.0
oscore-base,eth,,1024,d2,json,dns_cbor,binvec,1,0.2,dt,,4616,8840,10144,0,0,10019,1.0,1.0,1.0,1.0
oscore-base,eth,,1024,d2,json,dns_cbor,binvec,1,0.2,dt,,4624,8840,10053,0,0,10110,1.0,1.0,1.0,1.0
oscore-base,eth,,1024,d2,json,dns_cbor,binvec,1,0.2,dt,,4632,8840,10011,0,0,10152,1.0,1.0,1.0,1.0
oscore-base,eth,,1024,d2,json,dns_cbor,binvec,1,0.2,dt,,4640,8840,10003,0,0,10160,1.0,1.0,1.0,1.0
oscore-base,eth,,1024,d2,json,dns_cbor,binvec,1,0.2,dt,,4648,8840,10105,0,0,10058,1.0,1.0,1.0,1.0
oscore-base,eth,,1024,d2,json,dns_cbor,binvec,1,0.2,dt,,4656,8840,10064,0,0,10099,1.0,1.0,1.0,1.0
oscore-base,eth,,1024,d2,json,dns_cbor,binvec,1,0.2,dt,,4664,8840,10117,0,0,10046,1.0,1.0,1.0,1.0
oscore-base,eth,,1024,d2,json,dns_cbor,binvec,1,0.2,dt,,4672,8840,10144,0,0,10019,1.0,1.0,1.0,1.0
oscore-base,eth,,1024,d2,json,dns_cbor,binvec,1,0.2,dt,,4680,8840,10120,0,0,10043,1.0,1.0,1.0,1.0
oscore-base,eth,,1024,d2,json,dns_cbor,binvec,1,0.2,dt,,4688,8840,10085,0,0,10078,1.0,1.0,1.0,1.0
oscore-base,eth,,1024,d2,json,dns_cbor,binvec,1,0.2,dt,,4696,8840,10234,0,0,9929,1.0,1.0,1.0,1.0
oscore-base,eth,,1024,d2,json,dns_cbor,binvec,1,0.2,dt,,4704,8840,10143,0,0,10020,1.0,1.0,1.0,1.0
oscore-base,eth,,1024,d2,json,dns_cbor,binvec,1,0.2,dt,,4712,8840,10062,0,0,10101,1.0,1.0,1.0,1.0
oscore-base,eth,,1024,d2,json,dns_cbor,binvec,1,0.2,dt,,4720,8840,10092,0,0,10071,1.0,1.0,1.0,1.0
oscore-base,eth,,1024,d2,json,dns_cbor,binvec,1,0.2,dt,,4728,8840,10114,0,0,10049,1.0,1.0,1.0,1.0
oscore-base,eth,,1024,d2,json,dns_cbor,binvec,1,0.2,dt,,4736,8840,9966,0,0,10197,1.0,1.0,1.0,1.0
oscore-base,eth,,1024,d2,json,dns_cbor,binvec,1,0.2,dt,,4744,8840,10032,0,0,10131,1.0,1.0,1.0,1.0
oscore-base,eth,,1024,d2,json,dns_cbor,binvec,1,0.2,dt,,4752,8840,10068,0,0,10095,1.0,1.0,1.0,1.0
oscore-base,eth,,1024,d2,json,dns_cbor,binvec,1,0.2,dt,,4760,8840,10176,0,0,9987,1.0,1.0,1.0,1.0
oscore-base,eth,,1024,d2,json,dns_cbor,binvec,1,0.2,dt,,4768,8840,10134,0,0,10029,1.0,1.0,1.0,1.0
oscore-base,eth,,1024,d2,json,dns_cbor,binvec,1,0.2,dt,,4776,8840,9910,0,0,10253,1.0,1.0,1.0,1.0
oscore-base,eth,,1024,d2,json,dns_cbor,binvec,1,0.2,dt,,4784,8840,10052,0,0,10111,1.0,1.0,1.0,1.0
oscore-base,eth,,1024,d2,json,dns_cbor,binvec,1,0.2,dt,,4792,8840,10029,0,0,10134,1.0,1.0,1.0,1.0
oscore-base,eth,,1024,d2,json,dns_cbor,binvec,1,0.2,dt,,4800,8840,10059,0,0,10104,1.0,1.0,1.0,1.0
oscore-base,eth,,1024,d2,json,dns_cbor,binvec,1,0.2,dt,,4808,8840,9949,0,0,10214,1.0,1.0,1.0,1.0
oscore-base,eth,,1024,d2,json,dns_cbor,binvec,1,0.2,dt,,4816,8840,10021,0,0,10142,1.0,1.0,1.0,1.0
oscore-base,eth,,1024,d2,json,dns_cbor,binvec,1,0.2,dt,,4824,8840,10113,0,0,10050,1.0,1.0,1.0,1.0
oscore-base,eth,,1024,d2,json,dns_cbor,binvec,1,0.2,dt,,4832,8840,10053,0,0,10110,1.0,1.0,1.0,1.0
oscore-base,eth,,1024,d2,json,dns_cbor,binvec,1,0.2,dt,,4840,8840,10064,0,0,10099,1.0,1.0,1.0,1.0
oscore-base,eth,,1024,d2,json,dns_cbor,binvec,1,0.2,dt,,4848,8840,10050,0,0,10113,1.0,1.0,1.0,1.0
oscore-base,eth,,1024,d2,json,dns_cbor,binvec,1,0.2,dt,,4856,8840,10064,0,0,10099,1.0,1.0,1.0,1.0
oscore-base,eth,,1024,d2,json,dns_cbor,binvec,1,0.2,dt,,4864,8840,10082,0,0,10081,1.0,1.0,1.0,1.0
oscore-base,eth,,1024,d2,json,dns_cbor,binvec,1,0.2,dt,,4872,8840,10083,0,0,10080,1.0,1.0,1.0,1.0
oscore-base,eth,,1024,d2,json,dns_cbor,binvec,1,0.2,dt,,4880,8840,9913,0,0,10250,1.0,1.0,1.0,1.0
oscore-base,eth,,1024,d2,json,dns_cbor,binvec,1,0.2,dt,,4888,8840,10055,0,0,10108,1.0,1.0,1.0,1.0
oscore-base,eth,,1024,d2,json,dns_cbor,binvec,1,0.2,dt,,4896,8840,10073,0,0,10090,1.0,1.0,1.0,1.0
oscore-base,eth,,1024,d2,json,dns_cbor,binvec,1,0.2,dt,,4904,8840,9981,0,0,10182,1.0,1.0,1.0,1.0
oscore-base,eth,,1024,d2,json,dns_cbor,binvec,1,0.2,dt,,4912,8840,10051,0,0,10112,1.0,1.0,1.0,1.0
oscore-base,eth,,1024,d2,json,dns_cbor,binvec,1,0.2,dt,,4920,8840,10137,0,0,10026,1.0,1.0,1.0,1.0
oscore-base,eth,,1024,d2,json,dns_cbor,binvec,1,0.2,dt,,4928,8840,9979,0,0,10184,1.0,1.0,1.0,1.0
oscore-base,eth,,1024,d2,json,dns_cbor,binvec,1,0.2,dt,,4936,8840,10087,0,0,10076,1.0,1.0,1.0,1.0
oscore-base,eth,,1024,d2,json,dns_cbor,binvec,1,0.2,dt,,4944,8840,10068,0,0,10095,1.0,1.0,1.0,1.0
oscore-base,eth,,1024,d2,json,dns_cbor,binvec,1,0.2,dt,,4952,8840,10069,0,0,10094,1.0,1.0,1.0,1.0
oscore-base,eth,,1024,d2,json,dns_cbor,binvec,1,0.2,dt,,4960,8840,10079,0,0,10084,1.0,1.0,1.0,1.0
oscore-base,eth,,1024,d2,json,dns_cbor,binvec,1,0.2,dt,,4968,8840,10066,0,0,10097,1.0,1.0,1.0,1.0
oscore-base,eth,,1024,d2,json,dns_cbor,binvec,1,0.2,dt,,4976,8840,10085,0,0,10078,1.0,1.0,1.0,1.0
oscore-base,eth,,1024,d2,json,dns_cbor,binvec,1,0.2,dt,,4984,8840,10113,0,0,10050,1.0,1.0,1.0,1.0
oscore-base,eth,,1024,d2,json,dns_cbor,binvec,1,0.2,dt,,4992,8840,9963,0,0,10200,1.0,1.0,1.0,1.0
oscore-base,eth,,1024,d2,json,dns_cbor,binvec,1,0.2,dt,,5000,8840,10155,0,0,10008,1.0,1.0,1.0,1.0
oscore-base,eth,,1024,d2,json,dns_cbor,binvec,1,0.2,dt,,5008,8840,10192,0,0,9971,1.0,1.0,1.0,1.0
oscore-base,eth,,1024,d2,json,dns_cbor,binvec,1,0.2,dt,,5016,8840,10031,0,0,10132,1.0,1.0,1.0,1.0
oscore-base,eth,,1024,d2,json,dns_cbor,binvec,1,0.2,dt,,5024,8840,10072,0,0,10091,1.0,1.0,1.0,1.0
oscore-base,eth,,1024,d2,json,dns_cbor,binvec,1,0.2,dt,,5032,8840,10113,0,0,10050,1.0,1.0,1.0,1.0
oscore-base,eth,,1024,d2,json,dns_cbor,binvec,1,0.2,dt,,5040,8840,10027,0,0,10136,1.0,1.0,1.0,1.0
oscore-base,eth,,1024,d2,json,dns_cbor,binvec,1,0.2,dt,,5048,8840,10070,0,0,10093,1.0,1.0,1.0,1.0
oscore-base,eth,,1024,d2,json,dns_cbor,binvec,1,0.2,dt,,5056,8840,10020,0,0,10143,1.0,1.0,1.0,1.0
oscore-base,eth,,1024,d2,json,dns_cbor,binvec,1,0.2,dt,,5064,8840,10003,0,0,10160,1.0,1.0,1.0,1.0
oscore-base,eth,,1024,d2,json,dns_cbor,binvec,1,0.2,dt,,5072,8840,10094,0,0,10069,1.0,1.0,1.0,1.0
oscore-base,eth,,1024,d2,json,dns_cbor,binvec,1,0.2,dt,,5080,8840,10022,0,0,10141,1.0,1.0,1.0,1.0
oscore-base,eth,,1024,d2,json,dns_cbor,binvec,1,0.2,dt,,5088,8840,10034,0,0,10129,1.0,1.0,1.0,1.0
oscore-base,eth,,1024,d2,json,dns_cbor,binvec,1,0.2,dt,,5096,8840,10238,0,0,9925,1.0,1.0,1.0,1.0
oscore-base,eth,,1024,d2,json,dns_cbor,binvec,1,0.2,dt,,5104,8840,10156,0,0,10007,1.0,1.0,1.0,1.0
oscore-base,eth,,1024,d2,json,dns_cbor,binvec,1,0.2,dt,,5112,8840,10152,0,0,10011,1.0,1.0,1.0,1.0
oscore-base,eth,,1024,d2,json,dns_cbor,binvec,1,0.2,dt,,5120,8840,9952,0,0,10211,1.0,1.0,1.0,1.0
oscore-base,eth,,1024,d2,json,dns_cbor,binvec,1,0.2,dt,,5128,8840,10090,0,0,10073,1.0,1.0,1.0,1.0
oscore-base,eth,,1024,d2,json,dns_cbor,binvec,1,0.2,dt,,5136,8840,10195,0,0,9968,1.0,1.0,1.0,1.0
oscore-base,eth,,1024,d2,json,dns_cbor,binvec,1,0.2,dt,,5144,8840,10073,0,0,10090,1.0,1.0,1.0,1.0
oscore-base,eth,,1024,d2,json,dns_cbor,binvec,1,0.2,dt,,5152,8840,10058,0,0,10105,1.0,1.0,1.0,1.0
oscore-base,eth,,1024,d2,json,dns_cbor,binvec,1,0.2,dt,,5160,8840,9974,0,0,10189,1.0,1.0,1.0,1.0
oscore-base,eth,,1024,d2,json,dns_cbor,binvec,1,0.2,dt,,5168,8840,10019,0,0,10144,1.0,1.0,1.0,1.0
oscore-base,eth,,1024,d2,json,dns_cbor,binvec,1,0.2,dt,,5176,8840,10190,0,0,9973,1.0,1.0,1.0,1.0
oscore-base,eth,,1024,d2,json,dns_cbor,binvec,1,0.2,dt,,5184,8840,10145,0,0,10018,1.0,1.0,1.0,1.0
oscore-base,eth,,1024,d2,json,dns_cbor,binvec,1,0.2,dt,,5192,8840,10032,0,0,10131,1.0,1.0,1.0,1.0
oscore-base,eth,,1024,d2,json,dns_cbor,binvec,1,0.2,dt,,5200,8840,10151,0,0,10012,1.0,1.0,1.0,1.0
oscore-base,eth,,1024,d2,json,dns_cbor,binvec,1,0.2,dt,,5208,8840,9991,0,0,10172,1.0,1.0,1.0,1.0
oscore-base,eth,,1024,d2,json,dns_cbor,binvec,1,0.2,dt,,5216,8840,10067,0,0,10096,1.0,1.0,1.0,1.0
oscore-base,eth,,1024,d2,json,dns_cbor,binvec,1,0.2,dt,,5224,8840,9942,0,0,10221,1.0,1.0,1.0,1.0
oscore-base,eth,,1024,d2,json,dns_cbor,binvec,1,0.2,dt,,5232,8840,10083,0,0,10080,1.0,1.0,1.0,1.0
oscore-base,eth,,1024,d2,json,dns_cbor,binvec,1,0.2,dt,,5240,8840,10058,0,0,10105,1.0,1.0,1.0,1.0
oscore-base,eth,,1024,d2,json,dns_cbor,binvec,1,0.2,dt,,5248,8840,10177,0,0,9986,1.0,1.0,1.0,1.0
oscore-base,eth,,1024,d2,json,dns_cbor,binvec,1,0.2,dt,,5256,8840,10047,0,0,10116,1.0,1.0,1.0,1.0
oscore-base,eth,,1024,d2,json,dns_cbor,binvec,1,0.2,dt,,5264,8840,10042,0,0,10121,1.0,1.0,1.0,1.0
oscore-base,eth,,1024,d2,json,dns_cbor,binvec,1,0.2,dt,,5272,8840,10090,0,0,10073,1.0,1.0,1.0,1.0
oscore-base,eth,,1024,d2,json,dns_cbor,binvec,1,0.2,dt,,5280,8840,10124,0,0,10039,1.0,1.0,1.0,1.0
oscore-base,eth,,1024,d2,json,dns_cbor,binvec,1,0.2,dt,,5288,8840,10136,0,0,10027,1.0,1.0,1.0,1.0
oscore-base,eth,,1024,d2,json,dns_cbor,binvec,1,0.2,dt,,5296,8840,10121,0,0,10042,1.0,1.0,1.0,1.0
oscore-base,eth,,1024,d2,json,dns_cbor,binvec,1,0.2,dt,,5304,8840,10079,0,0,10084,1.0,1.0,1.0,1.0
oscore-base,eth,,1024,d2,json,dns_cbor,binvec,1,0.2,dt,,5312,8840,10055,0,0,10108,1.0,1.0,1.0,1.0
oscore-base,eth,,1024,d2,json,dns_cbor,binvec,1,0.2,dt,,5320,8840,10143,0,0,10020,1.0,1.0,1.0,1.0
oscore-base,eth,,1024,d2,json,dns_cbor,binvec,1,0.2,dt,,5328,8840,9955,0,0,10208,1.0,1.0,1.0,1.0
oscore-base,eth,,1024,d2,json,dns_cbor,binvec,1,0.2,dt,,5336,8840,10147,0,0,10016,1.0,1.0,1.0,1.0
oscore-base,eth,,1024,d2,json,dns_cbor,binvec,1,0.2,dt,,5344,8840,10110,0,0,10053,1.0,1.0,1.0,1.0
oscore-base,eth,,1024,d2,json,dns_cbor,binvec,1,0.2,dt,,5352,8840,10124,0,0,10039,1.0,1.0,1.0,1.0
oscore-base,eth,,1024,d2,json,dns_cbor,binvec,1,0.2,dt,,5360,8840,10034,0,0,10129,1.0,1.0,1.0,1.0
oscore-base,eth,,1024,d2,json,dns_cbor,binvec,1,0.2,dt,,5368,8840,10285,0,0,9878,1.0,1.0,1.0,1.0
oscore-base,eth,,1024,d2,json,dns_cbor,binvec,1,0.2,dt,,5376,8840,9921,0,0,10242,1.0,1.0,1.0,1.0
oscore-base,eth,,1024,d2,json,dns_cbor,binvec,1,0.2,dt,,5384,8840,10034,0,0,10129,1.0,1.0,1.0,1.0
oscore-base,eth,,1024,d2,json,dns_cbor,binvec,1,0.2,dt,,5392,8840,10059,0,0,10104,1.0,1.0,1.0,1.0
oscore-base,eth,,1024,d2,json,dns_cbor,binvec,1,0.2,dt,,5400,8840,10093,0,0,10070,1.0,1.0,1.0,1.0
oscore-base,eth,,1024,d2,json,dns_cbor,binvec,1,0.2,dt,,5408,8840,10140,0,0,10023,1.0,1.0,1.0,1.0
oscore-base,eth,,1024,d2,json,dns_cbor,binvec,1,0.2,dt,,5416,8840,10116,0,0,10047,1.0,1.0,1.0,1.0
oscore-base,eth,,1024,d2,json,dns_cbor,binvec,1,0.2,dt,,5424,8840,9995,0,0,10168,1.0,1.0,1.0,1.0
oscore-base,eth,,1024,d2,json,dns_cbor,binvec,1,0.2,dt,,5432,8840,10058,0,0,10105,1.0,1.0,1.0,1.0
oscore-base,eth,,1024,d2,json,dns_cbor,binvec,1,0.2,dt,,5440,8840,10039,0,0,10124,1.0,1.0,1.0,1.0
oscore-base,eth,,1024,d2,json,dns_cbor,binvec,1,0.2,dt,,5448,8840,10053,0,0,10110,1.0,1.0,1.0,1.0
oscore-base,eth,,1024,d2,json,dns_cbor,binvec,1,0.2,dt,,5456,8840,10135,0,0,10028,1.0,1.0,1.0,1.0
oscore-base,eth,,1024,d2,json,dns_cbor,binvec,1,0.2,dt,,5464,8840,10153,0,0,10010,1.0,1.0,1.0,1.0
oscore-base,eth,,1024,d2,json,dns_cbor,binvec,1,0.2,dt,,5472,8840,10093,0,0,10070,1.0,1.0,1.0,1.0
oscore-base,eth,,1024,d2,json,dns_cbor,binvec,1,0.2,dt,,5480,8840,10092,0,0,10071,1.0,1.0,1.0,1.0
oscore-base,eth,,1024,d2,json,dns_cbor,binvec,1,0.2,dt,,5488,8840,10123,0,0,10040,1.0,1.0,1.0,1.0
oscore-base,eth,,1024,d2,json,dns_cbor,binvec,1,0.2,dt,,5496,8840,10132,0,0,10031,1.0,1.0,1.0,1.0
oscore-base,eth,,1024,d2,json,dns_cbor,binvec,1,0.2,dt,,5504,8840,10022,0,0,10141,1.0,1.0,1.0,1.0
oscore-base,eth,,1024,d2,json,dns_cbor,binvec,1,0.2,dt,,5512,8840,9959,0,0,10204,1.0,1.0,1.0,1.0
oscore-base,eth,,1024,d2,json,dns_cbor,binvec,1,0.2,dt,,5520,8840,10092,0,0,10071,1.0,1.0,1.0,1.0
oscore-base,eth,,1024,d2,json,dns_cbor,binvec,1,0.2,dt,,5528,8840,10204,0,0,9959,1.0,1.0,1.0,1.0
oscore-base,eth,,1024,d2,json,dns_cbor,binvec,1,0.2,dt,,5536,8840,10118,0,0,10045,1.0,1.0,1.0,1.0
oscore-base,eth,,1024,d2,json,dns_cbor,binvec,1,0.2,dt,,5544,8840,10132,0,0,10031,1.0,1.0,1.0,1.0
oscore-base,eth,,1024,d2,json,dns_cbor,binvec,1,0.2,dt,,5552,8840,10005,0,0,10158,1.0,1.0,1.0,1.0
oscore-base,eth,,1024,d2,json,dns_cbor,binvec,1,0.2,dt,,5560,8840,10147,0,0,10016,1.0,1.0,1.0,1.0
oscore-base,eth,,1024,d2,json,dns_cbor,binvec,1,0.2,dt,,5568,8840,10049,0,0,10114,1.0,1.0,1.0,1.0
oscore-base,eth,,1024,d2,json,dns_cbor,binvec,1,0.2,dt,,5576,8840,10084,0,0,10079,1.0,1.0,1.0,1.0
oscore-base,eth,,1024,d2,json,dns_cbor,binvec,1,0.2,dt,,5584,8840,10100,0,0,10063,1.0,1.0,1.0,1.0
oscore-base,eth,,1024,d2,json,dns_cbor,binvec,1,0.2,dt,,5592,8840,10058,0,0,10105,1.0,1.0,1.0,1.0
oscore-base,eth,,1024,d2,json,dns_cbor,binvec,1,0.2,dt,,5600,8840,10098,0,0,10065,1.0,1.0,1.0,1.0
oscore-base,eth,,1024,d2,json,dns_cbor,binvec,1,0.2,dt,,5608,8840,10172,0,0,9991,1.0,1.0,1.0,1.0
oscore-base,eth,,1024,d2,json,dns_cbor,binvec,1,0.2,dt,,5616,8840,9988,0,0,10175,1.0,1.0,1.0,1.0
oscore-base,eth,,1024,d2,json,dns_cbor,binvec,1,0.2,dt,,5624,8840,10061,0,0,10102,1.0,1.0,1.0,1.0
oscore-base,eth,,1024,d2,json,dns_cbor,binvec,1,0.2,dt,,5632,8840,10156,0,0,10007,1.0,1.0,1.0,1.0
oscore-base,eth,,1024,d2,json,dns_cbor,binvec,1,0.2,dt,,5640,8840,10164,0,0,9999,1.0,1.0,1.0,1.0
oscore-base,eth,,1024,d2,json,dns_cbor,binvec,1,0.2,dt,,5648,8840,10179,0,0,9984,1.0,1.0,1.0,1.0
oscore-base,eth,,1024,d2,json,dns_cbor,binvec,1,0.2,dt,,5656,8840,9960,0,0,10203,1.0,1.0,1.0,1.0
oscore-base,eth,,1024,d2,json,dns_cbor,binvec,1,0.2,dt,,5664,8840,10154,0,0,10009,1.0,1.0,1.0,1.0
oscore-base,eth,,1024,d2,json,dns_cbor,binvec,1,0.2,dt,,5672,8840,9996,0,0,10167,1.0,1.0,1.0,1.0
oscore-base,eth,,1024,d2,json,dns_cbor,binvec,1,0.2,dt,,5680,8840,10166,0,0,9997,1.0,1.0,1.0,1.0
oscore-base,eth,,1024,d2,json,dns_cbor,binvec,1,0.2,dt,,5688,8840,10103,0,0,10060,1.0,1.0,1.0,1.0
oscore-base,eth,,1024,d2,json,dns_cbor,binvec,1,0.2,dt,,5696,8840,10189,0,0,9974,1.0,1.0,1.0,1.0
oscore-base,eth,,1024,d2,json,dns_cbor,binvec,1,0.2,dt,,5704,8840,10096,0,0,10067,1.0,1.0,1.0,1.0
oscore-base,eth,,1024,d2,json,dns_cbor,binvec,1,0.2,dt,,5712,8840,10019,0,0,10144,1.0,1.0,1.0,1.0
oscore-base,eth,,1024,d2,json,dns_cbor,binvec,1,0.2,dt,,5720,8840,10146,0,0,10017,1.0,1.0,1.0,1.0
oscore-base,eth,,1024,d2,json,dns_cbor,binvec,1,0.2,dt,,5728,8840,10115,0,0,10048,1.0,1.0,1.0,1.0
oscore-base,eth,,1024,d2,json,dns_cbor,binvec,1,0.2,dt,,5736,8840,10090,0,0,10073,1.0,1.0,1.0,1.0
oscore-base,eth,,1024,d2,json,dns_cbor,binvec,1,0.2,dt,,5744,8840,10098,0,0,10065,1.0,1.0,1.0,1.0
oscore-base,eth,,1024,d2,json,dns_cbor,binvec,1,0.2,dt,,5752,8840,10075,0,0,10088,1.0,1.0,1.0,1.0
oscore-base,eth,,1024,d2,json,dns_cbor,binvec,1,0.2,dt,,5760,8840,10151,0,0,10012,1.0,1.0,1.0,1.0
oscore-base,eth,,1024,d2,json,dns_cbor,binvec,1,0.2,dt,,5768,8840,10140,0,0,10023,1.0,1.0,1.0,1.0
oscore-base,eth,,1024,d2,json,dns_cbor,binvec,1,0.2,dt,,5776,8840,10034,0,0,10129,1.0,1.0,1.0,1.0
oscore-base,eth,,1024,d2,json,dns_cbor,binvec,1,0.2,dt,,5784,8840,10034,0,0,10129,1.0,1.0,1.0,1.0
oscore-base,eth,,1024,d2,json,dns_cbor,binvec,1,0.2,dt,,5792,8840,10045,0,0,10118,1.0,1.0,1.0,1.0
oscore-base,eth,,1024,d2,json,dns_cbor,binvec,1,0.2,dt,,5800,8840,9978,0,0,10185,1.0,1.0,1.0,1.0
oscore-base,eth,,1024,d2,json,dns_cbor,binvec,1,0.2,dt,,5808,8840,10000,0,0,10163,1.0,1.0,1.0,1.0
oscore-base,eth,,1024,d2,json,dns_cbor,binvec,1,0.2,dt,,5816,8840,10069,0,0,10094,1.0,1.0,1.0,1.0
oscore-base,eth,,1024,d2,json,dns_cbor,binvec,1,0.2,dt,,5824,8840,10053,0,0,10110,1.0,1.0,1.0,1.0
oscore-base,eth,,1024,d2,json,dns_cbor,binvec,1,0.2,dt,,5832,8840,10096,0,0,10067,1.0,1.0,1.0,1.0
oscore-base,eth,,1024,d2,json,dns_cbor,binvec,1,0.2,dt,,5840,8840,9995,0,0,10168,1.0,1.0,1.0,1.0
oscore-base,eth,,1024,d2,json,dns_cbor,binvec,1,0.2,dt,,5848,8840,10050,0,0,10113,1.0,1.0,1.0,1.0
oscore-base,eth,,1024,d2,json,dns_cbor,binvec,1,0.2,dt,,5856,8840,10135,0,0,10028,1.0,1.0,1.0,1.0
oscore-base,eth,,1024,d2,json,dns_cbor,binvec,1,0.2,dt,,5864,8840,10035,0,0,10128,1.0,1.0,1.0,1.0
oscore-base,eth,,1024,d2,json,dns_cbor,binvec,1,0.2,dt,,5872,8840,10049,0,0,10114,1.0,1.0,1.0,1.0
oscore-base,eth,,1024,d2,json,dns_cbor,binvec,1,0.2,dt,,5880,8840,10088,0,0,10075,1.0,1.0,1.0,1.0
oscore-base,eth,,1024,d2,json,dns_cbor,binvec,1,0.2,dt,,5888,8840,10140,0,0,10023,1.0,1.0,1.0,1.0
oscore-base,eth,,1024,d2,json,dns_cbor,binvec,1,0.2,dt,,5896,8840,10072,0,0,10091,1.0,1.0,1.0,1.0
oscore-base,eth,,1024,d2,json,dns_cbor,binvec,1,0.2,dt,,5904,8840,10020,0,0,10143,1.0,1.0,1.0,1.0
oscore-base,eth,,1024,d2,json,dns_cbor,binvec,1,0.2,dt,,5912,8840,10038,0,0,10125,1.0,1.0,1.0,1.0
oscore-base,eth,,1024,d2,json,dns_cbor,binvec,1,0.2,dt,,5920,8840,10197,0,0,9966,1.0,1.0,1.0,1.0
oscore-base,eth,,1024,d2,json,dns_cbor,binvec,1,0.2,dt,,5928,8840,10140,0,0,10023,1.0,1.0,1.0,1.0
oscore-base,eth,,1024,d2,json,dns_cbor,binvec,1,0.2,dt,,5936,8840,10050,0,0,10113,1.0,1.0,1.0,1.0
oscore-base,eth,,1024,d2,json,dns_cbor,binvec,1,0.2,dt,,5944,8840,10094,0,0,10069,1.0,1.0,1.0,1.0
oscore-base,eth,,1024,d2,json,dns_cbor,binvec,1,0.2,dt,,5952,8840,10105,0,0,10058,1.0,1.0,1.0,1.0
oscore-base,eth,,1024,d2,json,dns_cbor,binvec,1,0.2,dt,,5960,8840,10056,0,0,10107,1.0,1.0,1.0,1.0
oscore-base,eth,,1024,d2,json,dns_cbor,binvec,1,0.2,dt,,5968,8840,10113,0,0,10050,1.0,1.0,1.0,1.0
oscore-base,eth,,1024,d2,json,dns_cbor,binvec,1,0.2,dt,,5976,8840,10160,0,0,10003,1.0,1.0,1.0,1.0
oscore-base,eth,,1024,d2,json,dns_cbor,binvec,1,0.2,dt,,5984,8840,10130,0,0,10033,1.0,1.0,1.0,1.0
oscore-base,eth,,1024,d2,json,dns_cbor,binvec,1,0.2,dt,,5992,8840,10056,0,0,10107,1.0,1.0,1.0,1.0
oscore-base,eth,,1024,d2,json,dns_cbor,binvec,1,0.2,dt,,6000,8840,10052,0,0,10111,1.0,1.0,1.0,1.0
oscore-base,eth,,1024,d2,json,dns_cbor,binvec,1,0.2,dt,,6008,8840,10067,0,0,10096,1.0,1.0,1.0,1.0
oscore-base,eth,,1024,d2,json,dns_cbor,binvec,1,0.2,dt,,6016,8840,10143,0,0,10020,1.0,1.0,1.0,1.0
oscore-base,eth,,1024,d2,json,dns_cbor,binvec,1,0.2,dt,,6024,8840,10078,0,0,10085,1.0,1.0,1.0,1.0
oscore-base,eth,,1024,d2,json,dns_cbor,binvec,1,0.2,dt,,6032,8840,10009,0,0,10154,1.0,1.0,1.0,1.0
oscore-base,eth,,1024,d2,json,dns_cbor,binvec,1,0.2,dt,,6040,8840,10015,0,0,10148,1.0,1.0,1.0,1.0
oscore-base,eth,,1024,d2,json,dns_cbor,binvec,1,0.2,dt,,6048,8840,10102,0,0,10061,1.0,1.0,1.0,1.0
oscore-base,eth,,1024,d2,json,dns_cbor,binvec,1,0.2,dt,,6056,8840,9973,0,0,10190,1.0,1.0,1.0,1.0
oscore-base,eth,,1024,d2,json,dns_cbor,binvec,1,0.2,dt,,6064,8840,10098,0,0,10065,1.0,1.0,1.0,1.0
oscore-base,eth,,1024,d2,json,dns_cbor,binvec,1,0.2,dt,,6072,8840,10098,0,0,10065,1.0,1.0,1.0,1.0
oscore-base,eth,,1024,d2,json,dns_cbor,binvec,1,0.2,dt,,6080,8840,10085,0,0,10078,1.0,1.0,1.0,1.0
oscore-base,eth,,1024,d2,json,dns_cbor,binvec,1,0.2,dt,,6088,8840,10189,0,0,9974,1.0,1.0,1.0,1.0
oscore-base,eth,,1024,d2,json,dns_cbor,binvec,1,0.2,dt,,6096,8840,10155,0,0,10008,1.0,1.0,1.0,1.0
oscore-base,eth,,1024,d2,json,dns_cbor,binvec,1,0.2,dt,,6104,8840,10036,0,0,10127,1.0,1.0,1.0,1.0
oscore-base,eth,,1024,d2,json,dns_cbor,binvec,1,0.2,dt,,6112,8840,10114,0,0,10049,1.0,1.0,1.0,1.0
oscore-base,eth,,1024,d2,json,dns_cbor,binvec,1,0.2,dt,,6120,8840,10024,0,0,10139,1.0,1.0,1.0,1.0
oscore-base,eth,,1024,d2,json,dns_cbor,binvec,1,0.2,dt,,6128,8840,10069,0,0,10094,1.0,1.0,1.0,1.0
oscore-base,eth,,1024,d2,json,dns_cbor,binvec,1,0.2,dt,,6136,8840,10059,0,0,10104,1.0,1.0,1.0,1.0
oscore-base,eth,,1024,d2,json,dns_cbor,binvec,1,0.2,dt,,6144,8840,10087,0,0,10076,1.0,1.0,1.0,1.0
oscore-base,eth,,1024,d2,json,dns_cbor,binvec,1,0.2,dt,,6152,8840,10087,0,0,10076,1.0,1.0,1.0,1.0
oscore-base,eth,,1024,d2,json,dns_cbor,binvec,1,0.2,dt,,6160,8840,10131,0,0,10032,1.0,1.0,1.0,1.0
oscore-base,eth,,1024,d2,json,dns_cbor,binvec,1,0.2,dt,,6168,8840,10184,0,0,9979,1.0,1.0,1.0,1.0
oscore-base,eth,,1024,d2,json,dns_cbor,binvec,1,0.2,dt,,6176,8840,10104,0,0,10059,1.0,1.0,1.0,1.0
oscore-base,eth,,1024,d2,json,dns_cbor,binvec,1,0.2,dt,,6184,8840,10016,0,0,10147,1.0,1.0,1.0,1.0
oscore-base,eth,,1024,d2,json,dns_cbor,binvec,1,0.2,dt,,6192,8840,10089,0,0,10074,1.0,1.0,1.0,1.0
oscore-base,eth,,1024,d2,json,dns_cbor,binvec,1,0.2,dt,,6200,8840,10149,0,0,10014,1.0,1.0,1.0,1.0
oscore-base,eth,,1024,d2,json,dns_cbor,binvec,1,0.2,dt,,6208,8840,10134,0,0,10029,1.0,1.0,1.0,1.0
oscore-base,eth,,1024,d2,json,dns_cbor,binvec,1,0.2,dt,,6216,8840,10026,0,0,10137,1.0,1.0,1.0,1.0
oscore-base,eth,,1024,d2,json,dns_cbor,binvec,1,0.2,dt,,6224,8840,10097,0,0,10066,1.0,1.0,1.0,1.0
oscore-base,eth,,1024,d2,json,dns_cbor,binvec,1,0.2,dt,,6232,8840,10055,0,0,10108,1.0,1.0,1.0,1.0
oscore-base,eth,,1024,d2,json,dns_cbor,binvec,1,0.2,dt,,6240,8840,10102,0,0,10061,1.0,1.0,1.0,1.0
oscore-base,eth,,1024,d2,json,dns_cbor,binvec,1,0.2,dt,,6248,8840,10104,0,0,10059,1.0,1.0,1.0,1.0
oscore-base,eth,,1024,d2,json,dns_cbor,binvec,1,0.2,dt,,6256,8840,9982,0,0,10181,1.0,1.0,1.0,1.0
oscore-base,eth,,1024,d2,json,dns_cbor,binvec,1,0.2,dt,,6264,8840,10106,0,0,10057,1.0,1.0,1.0,1.0
oscore-base,eth,,1024,d2,json,dns_cbor,binvec,1,0.2,dt,,6272,8840,10112,0,0,10051,1.0,1.0,1.0,1.0
oscore-base,eth,,1024,d2,json,dns_cbor,binvec,1,0.2,dt,,6280,8840,10014,0,0,10149,1.0,1.0,1.0,1.0
oscore-base,eth,,1024,d2,json,dns_cbor,binvec,1,0.2,dt,,6288,8840,10106,0,0,10057,1.0,1.0,1.0,1.0
oscore-base,eth,,1024,d2,json,dns_cbor,binvec,1,0.2,dt,,6296,8840,10081,0,0,10082,1.0,1.0,1.0,1.0
oscore-base,eth,,1024,d2,json,dns_cbor,binvec,1,0.2,dt,,6304,8840,10077,0,0,10086,1.0,1.0,1.0,1.0
oscore-base,eth,,1024,d2,json,dns_cbor,binvec,1,0.2,dt,,6312,8840,10180,0,0,9983,1.0,1.0,1.0,1.0
oscore-base,eth,,1024,d2,json,dns_cbor,binvec,1,0.2,dt,,6320,8840,10204,0,0,9959,1.0,1.0,1.0,1.0
oscore-base,eth,,1024,d2,json,dns_cbor,binvec,1,0.2,dt,,6328,8840,10035,0,0,10128,1.0,1.0,1.0,1.0
oscore-base,eth,,1024,d2,json,dns_cbor,binvec,1,0.2,dt,,6336,8840,10168,0,0,9995,1.0,1.0,1.0,1.0
oscore-base,eth,,1024,d2,json,dns_cbor,binvec,1,0.2,dt,,6344,8840,10068,0,0,10095,1.0,1.0,1.0,1.0
oscore-base,eth,,1024,d2,json,dns_cbor,binvec,1,0.2,dt,,6352,8840,9978,0,0,10185,1.0,1.0,1.0,1.0
oscore-base,eth,,1024,d2,json,dns_cbor,binvec,1,0.2,dt,,6360,8840,9986,0,0,10177,1.0,1.0,1.0,1.0
oscore-base,eth,,1024,d2,json,dns_cbor,binvec,1,0.2,dt,,6368,8840,10094,0,0,10069,1.0,1.0,1.0,1.0
oscore-base,eth,,1024,d2,json,dns_cbor,binvec,1,0.2,dt,,6376,8840,10043,0,0,10120,1.0,1.0,1.0,1.0
oscore-base,eth,,1024,d2,json,dns_cbor,binvec,1,0.2,dt,,6384,8840,10095,0,0,10068,1.0,1.0,1.0,1.0
oscore-base,eth,,1024,d2,json,dns_cbor,binvec,1,0.2,dt,,6392,8840,10110,0,0,10053,1.0,1.0,1.0,1.0
oscore-base,eth,,1024,d2,json,dns_cbor,binvec,1,0.2,dt,,6400,8840,10064,0,0,10099,1.0,1.0,1.0,1.0
oscore-base,eth,,1024,d2,json,dns_cbor,binvec,1,0.2,dt,,6408,8840,10167,0,0,9996,1.0,1.0,1.0,1.0
oscore-base,eth,,1024,d2,json,dns_cbor,binvec,1,0.2,dt,,6416,8840,9959,0,0,10204,1.0,1.0,1.0,1.0
oscore-base,eth,,1024,d2,json,dns_cbor,binvec,1,0.2,dt,,6424,8840,10094,0,0,10069,1.0,1.0,1.0,1.0
oscore-base,eth,,1024,d2,json,dns_cbor,binvec,1,0.2,dt,,6432,8840,9991,0,0,10172,1.0,1.0,1.0,1.0
oscore-base,eth,,1024,d2,json,dns_cbor,binvec,1,0.2,dt,,6440,8840,10143,0,0,10020,1.0,1.0,1.0,1.0
oscore-base,eth,,1024,d2,json,dns_cbor,binvec,1,0.2,dt,,6448,8840,10024,0,0,10139,1.0,1.0,1.0,1.0
oscore-base,eth,,1024,d2,json,dns_cbor,binvec,1,0.2,dt,,6456,8840,10075,0,0,10088,1.0,1.0,1.0,1.0
oscore-base,eth,,1024,d2,json,dns_cbor,binvec,1,0.2,dt,,6464,8840,10017,0,0,10146,1.0,1.0,1.0,1.0
oscore-base,eth,,1024,d2,json,dns_cbor,binvec,1,0.2,dt,,6472,8840,10087,0,0,10076,1.0,1.0,1.0,1.0
oscore-base,eth,,1024,d2,json,dns_cbor,binvec,1,0.2,dt,,6480,8840,9996,0,0,10167,1.0,1.0,1.0,1.0
oscore-base,eth,,1024,d2,json,dns_cbor,binvec,1,0.2,dt,,6488,8840,10146,0,0,10017,1.0,1.0,1.0,1.0
oscore-base,eth,,1024,d2,json,dns_cbor,binvec,1,0.2,dt,,6496,8840,10109,0,0,10054,1.0,1.0,1.0,1.0
oscore-base,eth,,1024,d2,json,dns_cbor,binvec,1,0.2,dt,,6504,8840,10041,0,0,10122,1.0,1.0,1.0,1.0
oscore-base,eth,,1024,d2,json,dns_cbor,binvec,1,0.2,dt,,6512,8840,10075,0,0,10088,1.0,1.0,1.0,1.0
oscore-base,eth,,1024,d2,json,dns_cbor,binvec,1,0.2,dt,,6520,8840,10094,0,0,10069,1.0,1.0,1.0,1.0
oscore-base,eth,,1024,d2,json,dns_cbor,binvec,1,0.2,dt,,6528,8840,10047,0,0,10116,1.0,1.0,1.0,1.0
oscore-base,eth,,1024,d2,json,dns_cbor,binvec,1,0.2,dt,,6536,8840,10181,0,0,9982,1.0,1.0,1.0,1.0
oscore-base,eth,,1024,d2,json,dns_cbor,binvec,1,0.2,dt,,6544,8840,10068,0,0,10095,1.0,1.0,1.0,1.0
oscore-base,eth,,1024,d2,json,dns_cbor,binvec,1,0.2,dt,,6552,8840,9951,0,0,10212,1.0,1.0,1.0,1.0
oscore-base,eth,,1024,d2,json,dns_cbor,binvec,1,0.2,dt,,6560,8840,10017,0,0,10146,1.0,1.0,1.0,1.0
oscore-base,eth,,1024,d2,json,dns_cbor,binvec,1,0.2,dt,,6568,8840,10062,0,0,10101,1.0,1.0,1.0,1.0
oscore-base,eth,,1024,d2,json,dns_cbor,binvec,1,0.2,dt,,6576,8840,10000,0,0,10163,1.0,1.0,1.0,1.0
oscore-base,eth,,1024,d2,json,dns_cbor,binvec,1,0.2,dt,,6584,8840,10120,0,0,10043,1.0,1.0,1.0,1.0
oscore-base,eth,,1024,d2,json,dns_cbor,binvec,1,0.2,dt,,6592,8840,10048,0,0,10115,1.0,1.0,1.0,1.0
oscore-base,eth,,1024,d2,json,dns_cbor,binvec,1,0.2,dt,,6600,8840,10019,0,0,10144,1.0,1.0,1.0,1.0
oscore-base,eth,,1024,d2,json,dns_cbor,binvec,1,0.2,dt,,6608,8840,10092,0,0,10071,1.0,1.0,1.0,1.0
oscore-base,eth,,1024,d2,json,dns_cbor,binvec,1,0.2,dt,,6616,8840,10164,0,0,9999,1.0,1.0,1.0,1.0
oscore-base,eth,,1024,d2,json,dns_cbor,binvec,1,0.2,dt,,6624,8840,10012,0,0,10151,1.0,1.0,1.0,1.0
oscore-base,eth,,1024,d2,json,dns_cbor,binvec,1,0.2,dt,,6632,8840,10142,0,0,10021,1.0,1.0,1.0,1.0
oscore-base,eth,,1024,d2,json,dns_cbor,binvec,1,0.2,dt,,6640,8840,9949,0,0,10214,1.0,1.0,1.0,1.0
oscore-base,eth,,1024,d2,json,dns_cbor,binvec,1,0.2,dt,,6648,8840,10009,0,0,10154,1.0,1.0,1.0,1.0
oscore-base,eth,,1024,d2,json,dns_cbor,binvec,1,0.2,dt,,6656,8840,10099,0,0,10064,1.0,1.0,1.0,1.0
oscore-base,eth,,1024,d2,json,dns_cbor,binvec,1,0.2,dt,,6664,8840,10066,0,0,10097,1.0,1.0,1.0,1.0
oscore-base,eth,,1024,d2,json,dns_cbor,binvec,1,0.2,dt,,6672,8840,10129,0,0,10034,1.0,1.0,1.0,1.0
oscore-base,eth,,1024,d2,json,dns_cbor,binvec,1,0.2,dt,,6680,8840,10127,0,0,10036,1.0,1.0,1.0,1.0
oscore-base,eth,,1024,d2,json,dns_cbor,binvec,1,0.2,dt,,6688,8840,10084,0,0,10079,1.0,1.0,1.0,1.0
oscore-base,eth,,1024,d2,json,dns_cbor,binvec,1,0.2,dt,,6696,8840,10196,0,0,9967,1.0,1.0,1.0,1.0
oscore-base,eth,,1024,d2,json,dns_cbor,binvec,1,0.2,dt,,6704,8840,10030,0,0,10133,1.0,1.0,1.0,1.0
oscore-base,eth,,1024,d2,json,dns_cbor,binvec,1,0.2,dt,,6712,8840,10053,0,0,10110,1.0,1.0,1.0,1.0
oscore-base,eth,,1024,d2,json,dns_cbor,binvec,1,0.2,dt,,6720,8840,10065,0,0,10098,1.0,1.0,1.0,1.0
oscore-base,eth,,1024,d2,json,dns_cbor,binvec,1,0.2,dt,,6728,8840,10031,0,0,10132,1.0,1.0,1.0,1.0
oscore-base,eth,,1024,d2,json,dns_cbor,binvec,1,0.2,dt,,6736,8840,10060,0,0,10103,1.0,1.0,1.0,1.0
oscore-base,eth,,1024,d2,json,dns_cbor,binvec,1,0.2,dt,,6744,8840,10059,0,0,10104,1.0,1.0,1.0,1.0
oscore-base,eth,,1024,d2,json,dns_cbor,binvec,1,0.2,dt,,6752,8840,10100,0,0,10063,1.0,1.0,1.0,1.0
oscore-base,eth,,1024,d2,json,dns_cbor,binvec,1,0.2,dt,,6760,8840,10092,0,0,10071,1.0,1.0,1.0,1.0
oscore-base,eth,,1024,d2,json,dns_cbor,binvec,1,0.2,dt,,6768,8840,10189,0,0,9974,1.0,1.0,1.0,1.0
oscore-base,eth,,1024,d2,json,dns_cbor,binvec,1,0.2,dt,,6776,8840,10051,0,0,10112,1.0,1.0,1.0,1.0
oscore-base,eth,,1024,d2,json,dns_cbor,binvec,1,0.2,dt,,6784,8840,10131,0,0,10032,1.0,1.0,1.0,1.0
oscore-base,eth,,1024,d2,json,dns_cbor,binvec,1,0.2,dt,,6792,8840,10135,0,0,10028,1.0,1.0,1.0,1.0
oscore-base,eth,,1024,d2,json,dns_cbor,binvec,1,0.2,dt,,6800,8840,10077,0,0,10086,1.0,1.0,1.0,1.0
oscore-base,eth,,1024,d2,json,dns_cbor,binvec,1,0.2,dt,,6808,8840,10069,0,0,10094,1.0,1.0,1.0,1.0
oscore-base,eth,,1024,d2,json,dns_cbor,binvec,1,0.2,dt,,6816,8840,10103,0,0,10060,1.0,1.0,1.0,1.0
oscore-base,eth,,1024,d2,json,dns_cbor,binvec,1,0.2,dt,,6824,8840,10062,0,0,10101,1.0,1.0,1.0,1.0
oscore-base,eth,,1024,d2,json,dns_cbor,binvec,1,0.2,dt,,6832,8840,10000,0,0,10163,1.0,1.0,1.0,1.0
oscore-base,eth,,1024,d2,json,dns_cbor,binvec,1,0.2,dt,,6840,8840,10063,0,0,10100,1.0,1.0,1.0,1.0
oscore-base,eth,,1024,d2,json,dns_cbor,binvec,1,0.2,dt,,6848,8840,10121,0,0,10042,1.0,1.0,1.0,1.0
oscore-base,eth,,1024,d2,json,dns_cbor,binvec,1,0.2,dt,,6856,8840,10065,0,0,10098,1.0,1.0,1.0,1.0
oscore-base,eth,,1024,d2,json,dns_cbor,binvec,1,0.2,dt,,6864,8840,10211,0,0,9952,1.0,1.0,1.0,1.0
oscore-base,eth,,1024,d2,json,dns_cbor,binvec,1,0.2,dt,,6872,8840,10112,0,0,10051,1.0,1.0,1.0,1.0
oscore-base,eth,,1024,d2,json,dns_cbor,binvec,1,0.2,dt,,6880,8840,10088,0,0,10075,1.0,1.0,1.0,1.0
oscore-base,eth,,1024,d2,json,dns_cbor,binvec,1,0.2,dt,,6888,8840,10163,0,0,10000,1.0,1.0,1.0,1.0
oscore-base,eth,,1024,d2,json,dns_cbor,binvec,1,0.2,dt,,6896,8840,10026,0,0,10137,1.0,1.0,1.0,1.0
oscore-base,eth,,1024,d2,json,dns_cbor,binvec,1,0.2,dt,,6904,8840,10171,0,0,9992,1.0,1.0,1.0,1.0
oscore-base,eth,,1024,d2,json,dns_cbor,binvec,1,0.2,dt,,6912,8840,9950,0,0,10213,1.0,1.0,1.0,1.0
oscore-base,eth,,1024,d2,json,dns_cbor,binvec,1,0.2,dt,,6920,8840,10192,0,0,9971,1.0,1.0,1.0,1.0
oscore-base,eth,,1024,d2,json,dns_cbor,binvec,1,0.2,dt,,6928,8840,10016,0,0,10147,1.0,1.0,1.0,1.0
oscore-base,eth,,1024,d2,json,dns_cbor,binvec,1,0.2,dt,,6936,8840,10006,0,0,10157,1.0,1.0,1.0,1.0
oscore-base,eth,,1024,d2,json,dns_cbor,binvec,1,0.2,dt,,6944,8840,10105,0,0,10058,1.0,1.0,1.0,1.0
oscore-base,eth,,1024,d2,json,dns_cbor,binvec,1,0.2,dt,,6952,8840,10011,0,0,10152,1.0,1.0,1.0,1.0
oscore-base,eth,,1024,d2,json,dns_cbor,binvec,1,0.2,dt,,6960,8840,9989,0,0,10174,1.0,1.0,1.0,1.0
oscore-base,eth,,1024,d2,json,dns_cbor,binvec,1,0.2,dt,,6968,8840,10096,0,0,10067,1.0,1.0,1.0,1.0
oscore-base,eth,,1024,d2,json,dns_cbor,binvec,1,0.2,dt,,6976,8840,10104,0,0,10059,1.0,1.0,1.0,1.0
oscore-base,eth,,1024,d2,json,dns_cbor,binvec,1,0.2,dt,,6984,8840,9976,0,0,10187,1.0,1.0,1.0,1.0
oscore-base,eth,,1024,d2,json,dns_cbor,binvec,1,0.2,dt,,6992,8840,10003,0,0,10160,1.0,1.0,1.0,1.0
oscore-base,eth,,1024,d2,json,dns_cbor,binvec,1,0.2,dt,,7000,8840,10005,0,0,10158,1.0,1.0,1.0,1.0
oscore-base,eth,,1024,d2,json,dns_cbor,binvec,1,0.2,dt,,7008,8840,9957,0,0,10206,1.0,1.0,1.0,1.0
oscore-base,eth,,1024,d2,json,dns_cbor,binvec,1,0.2,dt,,7016,8840,10079,0,0,10084,1.0,1.0,1.0,1.0
oscore-base,eth,,1024,d2,json,dns_cbor,binvec,1,0.2,dt,,7024,8840,10137,0,0,10026,1.0,1.0,1.0,1.0
oscore-base,eth,,1024,d2,json,dns_cbor,binvec,1,0.2,dt,,7032,8840,10038,0,0,10125,1.0,1.0,1.0,1.0
oscore-base,eth,,1024,d2,json,dns_cbor,binvec,1,0.2,dt,,7040,8840,10180,0,0,9983,1.0,1.0,1.0,1.0
oscore-base,eth,,1024,d2,json,dns_cbor,binvec,1,0.2,dt,,7048,8840,10032,0,0,10131,1.0,1.0,1.0,1.0
oscore-base,eth,,1024,d2,json,dns_cbor,binvec,1,0.2,dt,,7056,8840,10077,0,0,10086,1.0,1.0,1.0,1.0
oscore-base,eth,,1024,d2,json,dns_cbor,binvec,1,0.2,dt,,7064,8840,10142,0,0,10021,1.0,1.0,1.0,1.0
oscore-base,eth,,1024,d2,json,dns_cbor,binvec,1,0.2,dt,,7072,8840,10123,0,0,10040,1.0,1.0,1.0,1.0
oscore-base,eth,,1024,d2,json,dns_cbor,binvec,1,0.2,dt,,7080,8840,10116,0,0,10047,1.0,1.0,1.0,1.0
oscore-base,eth,,1024,d2,json,dns_cbor,binvec,1,0.2,dt,,7088,8840,10100,0,0,10063,1.0,1.0,1.0,1.0
oscore-base,eth,,1024,d2,json,dns_cbor,binvec,1,0.2,dt,,7096,8840,10098,0,0,10065,1.0,1.0,1.0,1.0
oscore-base,eth,,1024,d2,json,dns_cbor,binvec,1,0.2,dt,,7104,8840,9954,0,0,10209,1.0,1.0,1.0,1.0
oscore-base,eth,,1024,d2,json,dns_cbor,binvec,1,0.2,dt,,7112,8840,9970,0,0,10193,1.0,1.0,1.0,1.0
oscore-base,eth,,1024,d2,json,dns_cbor,binvec,1,0.2,dt,,7120,8840,10060,0,0,10103,1.0,1.0,1.0,1.0
oscore-base,eth,,1024,d2,json,dns_cbor,binvec,1,0.2,dt,,7128,8840,10064,0,0,10099,1.0,1.0,1.0,1.0
oscore-base,eth,,1024,d2,json,dns_cbor,binvec,1,0.2,dt,,7136,8840,10065,0,0,10098,1.0,1.0,1.0,1.0
oscore-base,eth,,1024,d2,json,dns_cbor,binvec,1,0.2,dt,,7144,8840,10110,0,0,10053,1.0,1.0,1.0,1.0
oscore-base,eth,,1024,d2,json,dns_cbor,binvec,1,0.2,dt,,7152,8840,10046,0,0,10117,1.0,1.0,1.0,1.0
oscore-base,eth,,1024,d2,json,dns_cbor,binvec,1,0.2,dt,,7160,8840,10054,0,0,10109,1.0,1.0,1.0,1.0
oscore-base,eth,,1024,d2,json,dns_cbor,binvec,1,0.2,dt,,7168,8840,10049,0,0,10114,1.0,1.0,1.0,1.0
oscore-base,eth,,1024,d2,json,dns_cbor,binvec,1,0.2,dt,,7176,8840,10106,0,0,10057,1.0,1.0,1.0,1.0
oscore-base,eth,,1024,d2,json,dns_cbor,binvec,1,0.2,dt,,7184,8840,10142,0,0,10021,1.0,1.0,1.0,1.0
oscore-base,eth,,1024,d2,json,dns_cbor,binvec,1,0.2,dt,,7192,8840,10000,0,0,10163,1.0,1.0,1.0,1.0
oscore-base,eth,,1024,d2,json,dns_cbor,binvec,1,0.2,dt,,7200,8840,10178,0,0,9985,1.0,1.0,1.0,1.0
oscore-base,eth,,1024,d2,json,dns_cbor,binvec,1,0.2,dt,,7208,8840,10131,0,0,10032,1.0,1.0,1.0,1.0
oscore-base,eth,,1024,d2,json,dns_cbor,binvec,1,0.2,dt,,7216,8840,10039,0,0,10124,1.0,1.0,1.0,1.0
oscore-base,eth,,1024,d2,json,dns_cbor,binvec,1,0.2,dt,,7224,8840,10023,0,0,10140,1.0,1.0,1.0,1.0
oscore-base,eth,,1024,d2,json,dns_cbor,binvec,1,0.2,dt,,7232,8840,10080,0,0,10083,1.0,1.0,1.0,1.0
oscore-base,eth,,1024,d2,json,dns_cbor,binvec,1,0.2,dt,,7240,8840,10287,0,0,9876,1.0,1.0,1.0,1.0
oscore-base,eth,,1024,d2,json,dns_cbor,binvec,1,0.2,dt,,7248,8840,10125,0,0,10038,1.0,1.0,1.0,1.0
oscore-base,eth,,1024,d2,json,dns_cbor,binvec,1,0.2,dt,,7256,8840,10055,0,0,10108,1.0,1.0,1.0,1.0
oscore-base,eth,,1024,d2,json,dns_cbor,binvec,1,0.2,dt,,7264,8840,10208,0,0,9955,1.0,1.0,1.0,1.0
oscore-base,eth,,1024,d2,json,dns_cbor,binvec,1,0.2,dt,,7272,8840,9994,0,0,10169,1.0,1.0,1.0,1.0
oscore-base,eth,,1024,d2,json,dns_cbor,binvec,1,0.2,dt,,7280,8840,10037,0,0,10126,1.0,1.0,1.0,1.0
oscore-base,eth,,1024,d2,json,dns_cbor,binvec,1,0.2,dt,,7288,8840,10079,0,0,10084,1.0,1.0,1.0,1.0
oscore-base,eth,,1024,d2,json,dns_cbor,binvec,1,0.2,dt,,7296,8840,10047,0,0,10116,1.0,1.0,1.0,1.0
oscore-base,eth,,1024,d2,json,dns_cbor,binvec,1,0.2,dt,,7304,8840,10058,0,0,10105,1.0,1.0,1.0,1.0
oscore-base,eth,,1024,d2,json,dns_cbor,binvec,1,0.2,dt,,7312,8840,10188,0,0,9975,1.0,1.0,1.0,1.0
oscore-base,eth,,1024,d2,json,dns_cbor,binvec,1,0.2,dt,,7320,8840,10082,0,0,10081,1.0,1.0,1.0,1.0
oscore-base,eth,,1024,d2,json,dns_cbor,binvec,1,0.2,dt,,7328,8840,10144,0,0,10019,1.0,1.0,1.0,1.0
oscore-base,eth,,1024,d2,json,dns_cbor,binvec,1,0.2,dt,,7336,8840,10063,0,0,10100,1.0,1.0,1.0,1.0
oscore-base,eth,,1024,d2,json,dns_cbor,binvec,1,0.2,dt,,7344,8840,10073,0,0,10090,1.0,1.0,1.0,1.0
oscore-base,eth,,1024,d2,json,dns_cbor,binvec,1,0.2,dt,,7352,8840,10092,0,0,10071,1.0,1.0,1.0,1.0
oscore-base,eth,,1024,d2,json,dns_cbor,binvec,1,0.2,dt,,7360,8840,10108,0,0,10055,1.0,1.0,1.0,1.0
oscore-base,eth,,1024,d2,json,dns_cbor,binvec,1,0.2,dt,,7368,8840,10138,0,0,10025,1.0,1.0,1.0,1.0
oscore-base,eth,,1024,d2,json,dns_cbor,binvec,1,0.2,dt,,7376,8840,10077,0,0,10086,1.0,1.0,1.0,1.0
oscore-base,eth,,1024,d2,json,dns_cbor,binvec,1,0.2,dt,,7384,8840,10174,0,0,9989,1.0,1.0,1.0,1.0
oscore-base,eth,,1024,d2,json,dns_cbor,binvec,1,0.2,dt,,7392,8840,10040,0,0,10123,1.0,1.0,1.0,1.0
oscore-base,eth,,1024,d2,json,dns_cbor,binvec,1,0.2,dt,,7400,8840,10199,0,0,9964,1.0,1.0,1.0,1.0
oscore-base,eth,,1024,d2,json,dns_cbor,binvec,1,0.2,dt,,7408,8840,10078,0,0,10085,1.0,1.0,1.0,1.0
oscore-base,eth,,1024,d2,json,dns_cbor,binvec,1,0.2,dt,,7416,8840,10047,0,0,10116,1.0,1.0,1.0,1.0
oscore-base,eth,,1024,d2,json,dns_cbor,binvec,1,0.2,dt,,7424,8840,10071,0,0,10092,1.0,1.0,1.0,1.0
oscore-base,eth,,1024,d2,json,dns_cbor,binvec,1,0.2,dt,,7432,8840,10147,0,0,10016,1.0,1.0,1.0,1.0
oscore-base,eth,,1024,d2,json,dns_cbor,binvec,1,0.2,dt,,7440,8840,10061,0,0,10102,1.0,1.0,1.0,1.0
oscore-base,eth,,1024,d2,json,dns_cbor,binvec,1,0.2,dt,,7448,8840,10128,0,0,10035,1.0,1.0,1.0,1.0
oscore-base,eth,,1024,d2,json,dns_cbor,binvec,1,0.2,dt,,7456,8840,10137,0,0,10026,1.0,1.0,1.0,1.0
oscore-base,eth,,1024,d2,json,dns_cbor,binvec,1,0.2,dt,,7464,8840,10091,0,0,10072,1.0,1.0,1.0,1.0
oscore-base,eth,,1024,d2,json,dns_cbor,binvec,1,0.2,dt,,7472,8840,10064,0,0,10099,1.0,1.0,1.0,1.0
oscore-base,eth,,1024,d2,json,dns_cbor,binvec,1,0.2,dt,,7480,8840,10036,0,0,10127,1.0,1.0,1.0,1.0
oscore-base,eth,,1024,d2,json,dns_cbor,binvec,1,0.2,dt,,7488,8840,10049,0,0,10114,1.0,1.0,1.0,1.0
oscore-base,eth,,1024,d2,json,dns_cbor,binvec,1,0.2,dt,,7496,8840,10084,0,0,10079,1.0,1.0,1.0,1.0
oscore-base,eth,,1024,d2,json,dns_cbor,binvec,1,0.2,dt,,7504,8840,10053,0,0,10110,1.0,1.0,1.0,1.0
oscore-base,eth,,1024,d2,json,dns_cbor,binvec,1,0.2,dt,,7512,8840,10064,0,0,10099,1.0,1.0,1.0,1.0
oscore-base,eth,,1024,d2,json,dns_cbor,binvec,1,0.2,dt,,7520,8840,10065,0,0,10098,1.0,1.0,1.0,1.0
oscore-base,eth,,1024,d2,json,dns_cbor,binvec,1,0.2,dt,,7528,8840,10026,0,0,10137,1.0,1.0,1.0,1.0
oscore-base,eth,,1024,d2,json,dns_cbor,binvec,1,0.2,dt,,7536,8840,9992,0,0,10171,1.0,1.0,1.0,1.0
oscore-base,eth,,1024,d2,json,dns_cbor,binvec,1,0.2,dt,,7544,8840,10056,0,0,10107,1.0,1.0,1.0,1.0
oscore-base,eth,,1024,d2,json,dns_cbor,binvec,1,0.2,dt,,7552,8840,10118,0,0,10045,1.0,1.0,1.0,1.0
oscore-base,eth,,1024,d2,json,dns_cbor,binvec,1,0.2,dt,,7560,8840,10153,0,0,10010,1.0,1.0,1.0,1.0
oscore-base,eth,,1024,d2,json,dns_cbor,binvec,1,0.2,dt,,7568,8840,10192,0,0,9971,1.0,1.0,1.0,1.0
oscore-base,eth,,1024,d2,json,dns_cbor,binvec,1,0.2,dt,,7576,8840,10001,0,0,10162,1.0,1.0,1.0,1.0
oscore-base,eth,,1024,d2,json,dns_cbor,binvec,1,0.2,dt,,7584,8840,10089,0,0,10074,1.0,1.0,1.0,1.0
oscore-base,eth,,1024,d2,json,dns_cbor,binvec,1,0.2,dt,,7592,8840,10001,0,0,10162,1.0,1.0,1.0,1.0
oscore-base,eth,,1024,d2,json,dns_cbor,binvec,1,0.2,dt,,7600,8840,10072,0,0,10091,1.0,1.0,1.0,1.0
oscore-base,eth,,1024,d2,json,dns_cbor,binvec,1,0.2,dt,,7608,8840,10056,0,0,10107,1.0,1.0,1.0,1.0
oscore-base,eth,,1024,d2,json,dns_cbor,binvec,1,0.2,dt,,7616,8840,10074,0,0,10089,1.0,1.0,1.0,1.0
oscore-base,eth,,1024,d2,json,dns_cbor,binvec,1,0.2,dt,,7624,8840,10147,0,0,10016,1.0,1.0,1.0,1.0
oscore-base,eth,,1024,d2,json,dns_cbor,binvec,1,0.2,dt,,7632,8840,10107,0,0,10056,1.0,1.0,1.0,1.0
oscore-base,eth,,1024,d2,json,dns_cbor,binvec,1,0.2,dt,,7640,8840,10134,0,0,10029,1.0,1.0,1.0,1.0
oscore-base,eth,,1024,d2,json,dns_cbor,binvec,1,0.2,dt,,7648,8840,10016,0,0,10147,1.0,1.0,1.0,1.0
oscore-base,eth,,1024,d2,json,dns_cbor,binvec,1,0.2,dt,,7656,8840,10203,0,0,9960,1.0,1.0,1.0,1.0
oscore-base,eth,,1024,d2,json,dns_cbor,binvec,1,0.2,dt,,7664,8840,10096,0,0,10067,1.0,1.0,1.0,1.0
oscore-base,eth,,1024,d2,json,dns_cbor,binvec,1,0.2,dt,,7672,8840,10028,0,0,10135,1.0,1.0,1.0,1.0
oscore-base,eth,,1024,d2,json,dns_cbor,binvec,1,0.2,dt,,7680,8840,10003,0,0,10160,1.0,1.0,1.0,1.0
oscore-base,eth,,1024,d2,json,dns_cbor,binvec,1,0.2,dt,,7688,8840,9962,0,0,10201,1.0,1.0,1.0,1.0
oscore-base,eth,,1024,d2,json,dns_cbor,binvec,1,0.2,dt,,7696,8840,10064,0,0,10099,1.0,1.0,1.0,1.0
oscore-base,eth,,1024,d2,json,dns_cbor,binvec,1,0.2,dt,,7704,8840,10087,0,0,10076,1.0,1.0,1.0,1.0
oscore-base,eth,,1024,d2,json,dns_cbor,binvec,1,0.2,dt,,7712,8840,10128,0,0,10035,1.0,1.0,1.0,1.0
oscore-base,eth,,1024,d2,json,dns_cbor,binvec,1,0.2,dt,,7720,8840,10205,0,0,9958,1.0,1.0,1.0,1.0
oscore-base,eth,,1024,d2,json,dns_cbor,binvec,1,0.2,dt,,7728,8840,10033,0,0,10130,1.0,1.0,1.0,1.0
oscore-base,eth,,1024,d2,json,dns_cbor,binvec,1,0.2,dt,,7736,8840,10071,0,0,10092,1.0,1.0,1.0,1.0
oscore-base,eth,,1024,d2,json,dns_cbor,binvec,1,0.2,dt,,7744,8840,10167,0,0,9996,1.0,1.0,1.0,1.0
oscore-base,eth,,1024,d2,json,dns_cbor,binvec,1,0.2,dt,,7752,8840,9995,0,0,10168,1.0,1.0,1.0,1.0
oscore-base,eth,,1024,d2,json,dns_cbor,binvec,1,0.2,dt,,7760,8840,10071,0,0,10092,1.0,1.0,1.0,1.0
oscore-base,eth,,1024,d2,json,dns_cbor,binvec,1,0.2,dt,,7768,8840,9984,0,0,10179,1.0,1.0,1.0,1.0
oscore-base,eth,,1024,d2,json,dns_cbor,binvec,1,0.2,dt,,7776,8840,10057,0,0,10106,1.0,1.0,1.0,1.0
oscore-base,eth,,1024,d2,json,dns_cbor,binvec,1,0.2,dt,,7784,8840,10170,0,0,9993,1.0,1.0,1.0,1.0
oscore-base,eth,,1024,d2,json,dns_cbor,binvec,1,0.2,dt,,7792,8840,10002,0,0,10161,1.0,1.0,1.0,1.0
oscore-base,eth,,1024,d2,json,dns_cbor,binvec,1,0.2,dt,,7800,8840,10162,0,0,10001,1.0,1.0,1.0,1.0
oscore-base,eth,,1024,d2,json,dns_cbor,binvec,1,0.2,dt,,7808,8840,10113,0,0,10050,1.0,1.0,1.0,1.0
oscore-base,eth,,1024,d2,json,dns_cbor,binvec,1,0.2,dt,,7816,8840,10072,0,0,10091,1.0,1.0,1.0,1.0
oscore-base,eth,,1024,d2,json,dns_cbor,binvec,1,0.2,dt,,7824,8840,10049,0,0,10114,1.0,1.0,1.0,1.0
oscore-base,eth,,1024,d2,json,dns_cbor,binvec,1,0.2,dt,,7832,8840,9979,0,0,10184,1.0,1.0,1.0,1.0
oscore-base,eth,,1024,d2,json,dns_cbor,binvec,1,0.2,dt,,7840,8840,10039,0,0,10124,1.0,1.0,1.0,1.0
oscore-base,eth,,1024,d2,json,dns_cbor,binvec,1,0.2,dt,,7848,8840,10096,0,0,10067,1.0,1.0,1.0,1.0
oscore-base,eth,,1024,d2,json,dns_cbor,binvec,1,0.2,dt,,7856,8840,10136,0,0,10027,1.0,1.0,1.0,1.0
oscore-base,eth,,1024,d2,json,dns_cbor,binvec,1,0.2,dt,,7864,8840,10097,0,0,10066,1.0,1.0,1.0,1.0
oscore-base,eth,,1024,d2,json,dns_cbor,binvec,1,0.2,dt,,7872,8840,10166,0,0,9997,1.0,1.0,1.0,1.0
oscore-base,eth,,1024,d2,json,dns_cbor,binvec,1,0.2,dt,,7880,8840,10003,0,0,10160,1.0,1.0,1.0,1.0
oscore-base,eth,,1024,d2,json,dns_cbor,binvec,1,0.2,dt,,7888,8840,9989,0,0,10174,1.0,1.0,1.0,1.0
oscore-base,eth,,1024,d2,json,dns_cbor,binvec,1,0.2,dt,,7896,8840,10137,0,0,10026,1.0,1.0,1.0,1.0
oscore-base,eth,,1024,d2,json,dns_cbor,binvec,1,0.2,dt,,7904,8840,10102,0,0,10061,1.0,1.0,1.0,1.0
oscore-base,eth,,1024,d2,json,dns_cbor,binvec,1,0.2,dt,,7912,8840,10026,0,0,10137,1.0,1.0,1.0,1.0
oscore-base,eth,,1024,d2,json,dns_cbor,binvec,1,0.2,dt,,7920,8840,10021,0,0,10142,1.0,1.0,1.0,1.0
oscore-base,eth,,1024,d2,json,dns_cbor,binvec,1,0.2,dt,,7928,8840,10051,0,0,10112,1.0,1.0,1.0,1.0
oscore-base,eth,,1024,d2,json,dns_cbor,binvec,1,0.2,dt,,7936,8840,10183,0,0,9980,1.0,1.0,1.0,1.0
oscore-base,eth,,1024,d2,json,dns_cbor,binvec,1,0.2,dt,,7944,8840,10044,0,0,10119,1.0,1.0,1.0,1.0
oscore-base,eth,,1024,d2,json,dns_cbor,binvec,1,0.2,dt,,7952,8840,10112,0,0,10051,1.0,1.0,1.0,1.0
oscore-base,eth,,1024,d2,json,dns_cbor,binvec,1,0.2,dt,,7960,8840,10158,0,0,10005,1.0,1.0,1.0,1.0
oscore-base,eth,,1024,d2,json,dns_cbor,binvec,1,0.2,dt,,7968,8840,9973,0,0,10190,1.0,1.0,1.0,1.0
oscore-base,eth,,1024,d2,json,dns_cbor,binvec,1,0.2,dt,,7976,8840,10095,0,0,10068,1.0,1.0,1.0,1.0
oscore-base,eth,,1024,d2,json,dns_cbor,binvec,1,0.2,dt,,7984,8840,10078,0,0,10085,1.0,1.0,1.0,1.0
oscore-base,eth,,1024,d2,json,dns_cbor,binvec,1,0.2,dt,,7992,8840,10109,0,0,10054,1.0,1.0,1.0,1.0
oscore-base,eth,,1024,d2,json,dns_cbor,binvec,1,0.2,dt,,8000,8840,10046,0,0,10117,1.0,1.0,1.0,1.0
oscore-base,eth,,1024,d2,json,dns_cbor,binvec,1,0.2,dt,,8008,8840,10106,0,0,10057,1.0,1.0,1.0,1.0
oscore-base,eth,,1024,d2,json,dns_cbor,binvec,1,0.2,dt,,8016,8840,10087,0,0,10076,1.0,1.0,1.0,1.0
oscore-base,eth,,1024,d2,json,dns_cbor,binvec,1,0.2,dt,,8024,8840,10083,0,0,10080,1.0,1.0,1.0,1.0
oscore-base,eth,,1024,d2,json,dns_cbor,binvec,1,0.2,dt,,8032,8840,9987,0,0,10176,1.0,1.0,1.0,1.0
oscore-base,eth,,1024,d2,json,dns_cbor,binvec,1,0.2,dt,,8040,8840,10211,0,0,9952,1.0,1.0,1.0,1.0
oscore-base,eth,,1024,d2,json,dns_cbor,binvec,1,0.2,dt,,8048,8840,10054,0,0,10109,1.0,1.0,1.0,1.0
oscore-base,eth,,1024,d2,json,dns_cbor,binvec,1,0.2,dt,,8056,8840,9956,0,0,10207,1.0,1.0,1.0,1.0
oscore-base,eth,,1024,d2,json,dns_cbor,binvec,1,0.2,dt,,8064,8840,10039,0,0,10124,1.0,1.0,1.0,1.0
oscore-base,eth,,1024,d2,json,dns_cbor,binvec,1,0.2,dt,,8072,8840,10140,0,0,10023,1.0,1.0,1.0,1.0
oscore-base,eth,,1024,d2,json,dns_cbor,binvec,1,0.2,dt,,8080,8840,10152,0,0,10011,1.0,1.0,1.0,1.0
oscore-base,eth,,1024,d2,json,dns_cbor,binvec,1,0.2,dt,,8088,8840,10110,0,0,10053,1.0,1.0,1.0,1.0
oscore-base,eth,,1024,d2,json,dns_cbor,binvec,1,0.2,dt,,8096,8840,10155,0,0,10008,1.0,1.0,1.0,1.0
oscore-base,eth,,1024,d2,json,dns_cbor,binvec,1,0.2,dt,,8104,8840,10145,0,0,10018,1.0,1.0,1.0,1.0
oscore-base,eth,,1024,d2,json,dns_cbor,binvec,1,0.2,dt,,8112,8840,10226,0,0,9937,1.0,1.0,1.0,1.0
oscore-base,eth,,1024,d2,json,dns_cbor,binvec,1,0.2,dt,,8120,8840,10184,0,0,9979,1.0,1.0,1.0,1.0
oscore-base,eth,,1024,d2,json,dns_cbor,binvec,1,0.2,dt,,8128,8840,10092,0,0,10071,1.0,1.0,1.0,1.0
oscore-base,eth,,1024,d2,json,dns_cbor,binvec,1,0.2,dt,,8136,8840,10084,0,0,10079,1.0,1.0,1.0,1.0
oscore-base,eth,,1024,d2,json,dns_cbor,binvec,1,0.2,dt,,8144,8840,10135,0,0,10028,1.0,1.0,1.0,1.0
oscore-base,eth,,1024,d2,json,dns_cbor,binvec,1,0.2,dt,,8152,8840,10001,0,0,10162,1.0,1.0,1.0,1.0
oscore-base,eth,,1024,d2,json,dns_cbor,binvec,1,0.2,dt,,8160,8840,10127,0,0,10036,1.0,1.0,1.0,1.0
oscore-base,eth,,1024,d2,json,dns_cbor,binvec,1,0.2,dt,,8168,8840,10025,0,0,10138,1.0,1.0,1.0,1.0
oscore-base,eth,,1024,d2,json,dns_cbor,binvec,1,0.2,dt,,8176,8840,10164,0,0,9999,1.0,1.0,1.0,1.0
oscore-base,eth,,1024,d2,json,dns_cbor,binvec,1,0.2,dt,,8184,8840,10054,0,0,10109,1.0,1.0,1.0,1.0
oscore-base,eth,,1024,d2,json,dns_cbor,binvec,1,0.2,dt,,8192,8840,10064,0,0,10099,1.0,1.0,1.0,1.0
oscore-base,eth,,1024,d2,json,dns_cbor,binvec,1,0.2,dt,,8200,8840,10138,0,0,10025,1.0,1.0,1.0,1.0
oscore-base,eth,,1024,d2,json,dns_cbor,binvec,1,0.2,dt,,8208,8840,10074,0,0,10089,1.0,1.0,1.0,1.0
oscore-base,eth,,1024,d2,json,dns_cbor,binvec,1,0.2,dt,,8216,8840,10165,0,0,9998,1.0,1.0,1.0,1.0
oscore-base,eth,,1024,d2,json,dns_cbor,binvec,1,0.2,dt,,8224,8840,9887,0,0,10276,1.0,1.0,1.0,1.0
oscore-base,eth,,1024,d2,json,dns_cbor,binvec,1,0.2,dt,,8232,8840,9992,0,0,10171,1.0,1.0,1.0,1.0
oscore-base,eth,,1024,d2,json,dns_cbor,binvec,1,0.2,dt,,8240,8840,10127,0,0,10036,1.0,1.0,1.0,1.0
oscore-base,eth,,1024,d2,json,dns_cbor,binvec,1,0.2,dt,,8248,8840,10085,0,0,10078,1.0,1.0,1.0,1.0
oscore-base,eth,,1024,d2,json,dns_cbor,binvec,1,0.2,dt,,8256,8840,10075,0,0,10088,1.0,1.0,1.0,1.0
oscore-base,eth,,1024,d2,json,dns_cbor,binvec,1,0.2,dt,,8264,8840,10147,0,0,10016,1.0,1.0,1.0,1.0
oscore-base,eth,,1024,d2,json,dns_cbor,binvec,1,0.2,dt,,8272,8840,10023,0,0,10140,1.0,1.0,1.0,1.0
oscore-base,eth,,1024,d2,json,dns_cbor,binvec,1,0.2,dt,,8280,8840,10147,0,0,10016,1.0,1.0,1.0,1.0
oscore-base,eth,,1024,d2,json,dns_cbor,binvec,1,0.2,dt,,8288,8840,10064,0,0,10099,1.0,1.0,1.0,1.0
oscore-base,eth,,1024,d2,json,dns_cbor,binvec,1,0.2,dt,,8296,8840,10078,0,0,10085,1.0,1.0,1.0,1.0
oscore-base,eth,,1024,d2,json,dns_cbor,binvec,1,0.2,dt,,8304,8840,10158,0,0,10005,1.0,1.0,1.0,1.0
oscore-base,eth,,1024,d2,json,dns_cbor,binvec,1,0.2,dt,,8312,8840,10026,0,0,10137,1.0,1.0,1.0,1.0
oscore-base,eth,,1024,d2,json,dns_cbor,binvec,1,0.2,dt,,8320,8840,10048,0,0,10115,1.0,1.0,1.0,1.0
oscore-base,eth,,1024,d2,json,dns_cbor,binvec,1,0.2,dt,,8328,8840,10058,0,0,10105,1.0,1.0,1.0,1.0
oscore-base,eth,,1024,d2,json,dns_cbor,binvec,1,0.2,dt,,8336,8840,10118,0,0,10045,1.0,1.0,1.0,1.0
oscore-base,eth,,1024,d2,json,dns_cbor,binvec,1,0.2,dt,,8344,8840,10097,0,0,10066,1.0,1.0,1.0,1.0
oscore-base,eth,,1024,d2,json,dns_cbor,binvec,1,0.2,dt,,8352,8840,10148,0,0,10015,1.0,1.0,1.0,1.0
oscore-base,eth,,1024,d2,json,dns_cbor,binvec,1,0.2,dt,,8360,8840,10048,0,0,10115,1.0,1.0,1.0,1.0
oscore-base,eth,,1024,d2,json,dns_cbor,binvec,1,0.2,dt,,8368,8840,10114,0,0,10049,1.0,1.0,1.0,1.0
oscore-base,eth,,1024,d2,json,dns_cbor,binvec,1,0.2,dt,,8376,8840,10025,0,0,10138,1.0,1.0,1.0,1.0
oscore-base,eth,,1024,d2,json,dns_cbor,binvec,1,0.2,dt,,8384,8840,10046,0,0,10117,1.0,1.0,1.0,1.0
oscore-base,eth,,1024,d2,json,dns_cbor,binvec,1,0.2,dt,,8392,8840,10040,0,0,10123,1.0,1.0,1.0,1.0
oscore-base,eth,,1024,d2,json,dns_cbor,binvec,1,0.2,dt,,8400,8840,10129,0,0,10034,1.0,1.0,1.0,1.0
oscore-base,eth,,1024,d2,json,dns_cbor,binvec,1,0.2,dt,,8408,8840,10173,0,0,9990,1.0,1.0,1.0,1.0
oscore-base,eth,,1024,d2,json,dns_cbor,binvec,1,0.2,dt,,8416,8840,10085,0,0,10078,1.0,1.0,1.0,1.0
oscore-base,eth,,1024,d2,json,dns_cbor,binvec,1,0.2,dt,,8424,8840,10117,0,0,10046,1.0,1.0,1.0,1.0
oscore-base,eth,,1024,d2,json,dns_cbor,binvec,1,0.2,dt,,8432,8840,10183,0,0,9980,1.0,1.0,1.0,1.0
oscore-base,eth,,1024,d2,json,dns_cbor,binvec,1,0.2,dt,,8440,8840,10086,0,0,10077,1.0,1.0,1.0,1.0
oscore-base,eth,,1024,d2,json,dns_cbor,binvec,1,0.2,dt,,8448,8840,10126,0,0,10037,1.0,1.0,1.0,1.0
oscore-base,eth,,1024,d2,json,dns_cbor,binvec,1,0.2,dt,,8456,8840,10143,0,0,10020,1.0,1.0,1.0,1.0
oscore-base,eth,,1024,d2,json,dns_cbor,binvec,1,0.2,dt,,8464,8840,10032,0,0,10131,1.0,1.0,1.0,1.0
oscore-base,eth,,1024,d2,json,dns_cbor,binvec,1,0.2,dt,,8472,8840,10108,0,0,10055,1.0,1.0,1.0,1.0
oscore-base,eth,,1024,d2,json,dns_cbor,binvec,1,0.2,dt,,8480,8840,10010,0,0,10153,1.0,1.0,1.0,1.0
oscore-base,eth,,1024,d2,json,dns_cbor,binvec,1,0.2,dt,,8488,8840,10050,0,0,10113,1.0,1.0,1.0,1.0
oscore-base,eth,,1024,d2,json,dns_cbor,binvec,1,0.2,dt,,8496,8840,10135,0,0,10028,1.0,1.0,1.0,1.0
oscore-base,eth,,1024,d2,json,dns_cbor,binvec,1,0.2,dt,,8504,8840,10074,0,0,10089,1.0,1.0,1.0,1.0
oscore-base,eth,,1024,d2,json,dns_cbor,binvec,1,0.2,dt,,8512,8840,10054,0,0,10109,1.0,1.0,1.0,1.0
oscore-base,eth,,1024,d2,json,dns_cbor,binvec,1,0.2,dt,,8520,8840,10046,0,0,10117,1.0,1.0,1.0,1.0
oscore-base,eth,,1024,d2,json,dns_cbor,binvec,1,0.2,dt,,8528,8840,9961,0,0,10202,1.0,1.0,1.0,1.0
oscore-base,eth,,1024,d2,json,dns_cbor,binvec,1,0.2,dt,,8536,8840,10060,0,0,10103,1.0,1.0,1.0,1.0
oscore-base,eth,,1024,d2,json,dns_cbor,binvec,1,0.2,dt,,8544,8840,10208,0,0,9955,1.0,1.0,1.0,1.0
oscore-base,eth,,1024,d2,json,dns_cbor,binvec,1,0.2,dt,,8552,8840,10127,0,0,10036,1.0,1.0,1.0,1.0
oscore-base,eth,,1024,d2,json,dns_cbor,binvec,1,0.2,dt,,8560,8840,10138,0,0,10025,1.0,1.0,1.0,1.0
oscore-base,eth,,1024,d2,json,dns_cbor,binvec,1,0.2,dt,,8568,8840,10125,0,0,10038,1.0,1.0,1.0,1.0
oscore-base,eth,,1024,d2,json,dns_cbor,binvec,1,0.2,dt,,8576,8840,10078,0,0,10085,1.0,1.0,1.0,1.0
oscore-base,eth,,1024,d2,json,dns_cbor,binvec,1,0.2,dt,,8584,8840,10086,0,0,10077,1.0,1.0,1.0,1.0
oscore-base,eth,,1024,d2,json,dns_cbor,binvec,1,0.2,dt,,8592,8840,10034,0,0,10129,1.0,1.0,1.0,1.0
oscore-base,eth,,1024,d2,json,dns_cbor,binvec,1,0.2,dt,,8600,8840,10140,0,0,10023,1.0,1.0,1.0,1.0
oscore-base,eth,,1024,d2,json,dns_cbor,binvec,1,0.2,dt,,8608,8840,10154,0,0,10009,1.0,1.0,1.0,1.0
oscore-base,eth,,1024,d2,json,dns_cbor,binvec,1,0.2,dt,,8616,8840,10084,0,0,10079,1.0,1.0,1.0,1.0
oscore-base,eth,,1024,d2,json,dns_cbor,binvec,1,0.2,dt,,8624,8840,10102,0,0,10061,1.0,1.0,1.0,1.0
oscore-base,eth,,1024,d2,json,dns_cbor,binvec,1,0.2,dt,,8632,8840,10038,0,0,10125,1.0,1.0,1.0,1.0
oscore-base,eth,,1024,d2,json,dns_cbor,binvec,1,0.2,dt,,8640,8840,9962,0,0,10201,1.0,1.0,1.0,1.0
oscore-base,eth,,1024,d2,json,dns_cbor,binvec,1,0.2,dt,,8648,8840,10046,0,0,10117,1.0,1.0,1.0,1.0
oscore-base,eth,,1024,d2,json,dns_cbor,binvec,1,0.2,dt,,8656,8840,10177,0,0,9986,1.0,1.0,1.0,1.0
oscore-base,eth,,1024,d2,json,dns_cbor,binvec,1,0.2,dt,,8664,8840,10029,0,0,10134,1.0,1.0,1.0,1.0
oscore-base,eth,,1024,d2,json,dns_cbor,binvec,1,0.2,dt,,8672,8840,10049,0,0,10114,1.0,1.0,1.0,1.0
oscore-base,eth,,1024,d2,json,dns_cbor,binvec,1,0.2,dt,,8680,8840,10065,0,0,10098,1.0,1.0,1.0,1.0
oscore-base,eth,,1024,d2,json,dns_cbor,binvec,1,0.2,dt,,8688,8840,10109,0,0,10054,1.0,1.0,1.0,1.0
oscore-base,eth,,1024,d2,json,dns_cbor,binvec,1,0.2,dt,,8696,8840,10121,0,0,10042,1.0,1.0,1.0,1.0
oscore-base,eth,,1024,d2,json,dns_cbor,binvec,1,0.2,dt,,8704,8840,10051,0,0,10112,1.0,1.0,1.0,1.0
oscore-base,eth,,1024,d2,json,dns_cbor,binvec,1,0.2,dt,,8712,8840,10082,0,0,10081,1.0,1.0,1.0,1.0
oscore-base,eth,,1024,d2,json,dns_cbor,binvec,1,0.2,dt,,8720,8840,9992,0,0,10171,1.0,1.0,1.0,1.0
oscore-base,eth,,1024,d2,json,dns_cbor,binvec,1,0.2,dt,,8728,8840,10200,0,0,9963,1.0,1.0,1.0,1.0
oscore-base,eth,,1024,d2,json,dns_cbor,binvec,1,0.2,dt,,8736,8840,10044,0,0,10119,1.0,1.0,1.0,1.0
oscore-base,eth,,1024,d2,json,dns_cbor,binvec,1,0.2,dt,,8744,8840,10078,0,0,10085,1.0,1.0,1.0,1.0
oscore-base,eth,,1024,d2,json,dns_cbor,binvec,1,0.2,dt,,8752,8840,10109,0,0,10054,1.0,1.0,1.0,1.0
oscore-base,eth,,1024,d2,json,dns_cbor,binvec,1,0.2,dt,,8760,8840,10095,0,0,10068,1.0,1.0,1.0,1.0
oscore-base,eth,,1024,d2,json,dns_cbor,binvec,1,0.2,dt,,8768,8840,10041,0,0,10122,1.0,1.0,1.0,1.0
oscore-base,eth,,1024,d2,json,dns_cbor,binvec,1,0.2,dt,,8776,8840,10104,0,0,10059,1.0,1.0,1.0,1.0
oscore-base,eth,,1024,d2,json,dns_cbor,binvec,1,0.2,dt,,8784,8840,10076,0,0,10087,1.0,1.0,1.0,1.0
oscore-base,eth,,1024,d2,json,dns_cbor,binvec,1,0.2,dt,,8792,8840,10103,0,0,10060,1.0,1.0,1.0,1.0
oscore-base,eth,,1024,d2,json,dns_cbor,binvec,1,0.2,dt,,8800,8840,9940,0,0,10223,1.0,1.0,1.0,1.0
oscore-base,eth,,1024,d2,json,dns_cbor,binvec,1,0.2,dt,,8808,8840,10136,0,0,10027,1.0,1.0,1.0,1.0
oscore-base,eth,,1024,d2,json,dns_cbor,binvec,1,0.2,dt,,8816,8840,10150,0,0,10013,1.0,1.0,1.0,1.0
oscore-base,eth,,1024,d2,json,dns_cbor,binvec,1,0.2,dt,,8824,8840,10051,0,0,10112,1.0,1.0,1.0,1.0
oscore-base,eth,,1024,d2,json,dns_cbor,binvec,1,0.2,dt,,8832,8840,10200,0,0,9963,1.0,1.0,1.0,1.0
oscore-base,eth,,1024,d2,json,dns_cbor,binvec,1,0.2,dt,,8840,8840,10263,0,0,9900,1.0,1.0,1.0,1.0
